1 715.6 495.1 2 3 4 5 6 7 9 10 11 12 13 15 17 19 21 23 24 25 27 29 30 31 39 271 276
2 897.1 547.7 1 3 4 5 7 10 11 13 23 25 28 29 30 180
3 1058.7 726.9 1 2 4 5 6 8 11 14 18 26 29 65 109
4 732.2 637.0 2 3 5 6 7 9 11 12 15 19 25 27 30 167
5 785.6 717.1 1 2 3 4 6 7 8 10 13 16 28 77 96 265 300
6 778.0 951.9 2 4 5 7 8 9 11 14 15 17 21 29
7 612.8 679.0 1 3 5 6 8 9 10 11 12 15 16 18 28 30 162 182
8 570.2 763.3 1 4 6 7 9 10 11 13 16 19 23 65 278
9 428.6 994.1 1 2 5 7 8 10 11 12 14 17 20 24 30 177 239 260
10 380.9 674.6 3 6 7 8 9 11 12 13 15 18 21 126 234 261
11 268.0 764.3 1 4 7 9 10 12 13 14 16 19 20 21 22 25 28 218
12 17.2 843.8 3 5 8 10 11 13 14 15 17 20 21 23 53 97 108 256
13 279.7 600.0 1 6 9 11 12 14 15 16 18 21 24 28 49 68 211
14 141.2 645.4 5 7 10 12 13 15 16 17 19 22 25 29
15 -123.1 535.1 1 8 11 12 13 14 16 17 18 20 23 26 172 199
16 269.9 506.9 9 11 12 14 15 17 18 19 21 24 25 27 39 129 268
17 52.9 435.8 1 8 10 13 15 16 18 19 20 22 25 26 28 185 298
18 -93.7 320.5 3 9 11 14 16 17 19 20 21 23 26 29 207 268
19 305.5 404.4 1 4 10 11 12 15 17 18 20 21 22 24 27 30 89 188 227
20 195.6 267.5 1 13 16 17 18 19 21 22 23 25 28 88 127
21 177.7 98.3 1 2 6 11 14 16 17 19 20 22 23 24 26 29 30
22 388.8 309.3 1 3 11 13 15 18 20 21 23 24 25 27 30 165 182 223 225
23 505.3 223.2 1 4 8 16 19 21 22 24 25 26 28
24 596.3 79.7 2 5 9 15 17 20 22 23 25 26 27 29 82 109
25 612.9 320.9 1 3 6 11 18 21 22 23 24 26 27 28 30 99 129 132 220 222 293
26 761.2 287.6 1 4 5 7 19 21 22 24 25 27 28 29 65 82 105 109 232
27 913.6 201.2 1 2 5 6 8 18 20 21 23 25 26 28 29 30 258
28 652.2 442.9 1 3 6 9 11 13 21 24 26 27 29 30 200
29 894.9 362.5 1 2 4 7 10 14 20 22 25 27 28 30 66 207 276 295
30 1110.0 378.9 1 2 3 5 8 11 23 26 27 28 29 115 152
31 2556.4 466.0 1 32 33 34 35 36 37 39 40 41 42 43 45 47 49 51 53 54 55 57 59 60 61 219 256
32 2708.8 509.8 31 33 34 35 37 40 41 43 53 55 58 60 166 210
33 2852.7 668.0 31 32 34 35 36 38 41 44 48 56 59 163 219
34 2469.0 525.3 32 33 35 36 37 39 41 42 45 49 55 57 60 191 265
35 2523.9 683.2 31 32 33 34 36 37 38 40 43 46 58 131 167 270
36 2544.4 835.6 16 32 34 35 37 38 39 41 44 45 47 51 59 197
37 2352.4 587.0 31 33 35 36 38 39 40 41 42 45 46 48 58 60 96
38 2299.1 679.7 31 34 36 37 39 40 41 43 46 49 53 133 178
39 2167.0 845.8 1 16 31 32 35 37 38 40 41 42 44 47 50 54 60 103
40 2208.6 613.8 33 36 37 38 39 41 42 43 45 48 51 58 76 115 149 208 276
41 2062.2 626.6 31 34 37 39 40 42 43 44 46 49 50 51 52 55 58 80 215
42 1785.9 726.1 33 35 38 40 41 43 44 45 47 50 51 53 78
43 2108.2 540.8 31 36 39 41 42 44 45 46 48 51 54 58 274
44 1935.1 461.4 35 37 40 42 43 45 46 47 49 52 55 59 192 213
45 1641.4 434.0 31 38 41 42 43 44 46 47 48 50 53 56 133 144 168 202
46 2074.0 370.6 39 41 42 44 45 47 48 49 51 54 55 57 78 136 213 221
47 1888.3 357.8 31 38 40 43 45 46 48 49 50 52 55 56 58 95 119 129 161 228
48 1740.2 165.1 33 41 44 46 47 49 50 51 53 56 59 110
49 2158.5 313.9 13 31 34 40 41 42 45 47 48 50 51 52 54 57 60 209 285
50 2068.2 135.6 31 43 46 47 48 49 51 52 53 55 58 178 204 210 234
51 2111.5 -47.0 31 32 36 38 41 44 46 47 49 50 52 53 54 56 59 60
52 2215.1 292.1 31 33 41 43 45 48 50 51 53 54 55 57 60 93 169 195 258 284 295
53 2320.0 93.2 12 19 31 34 38 46 49 51 52 54 55 56 58 158 285
54 2428.7 8.0 32 35 39 45 47 50 52 53 55 56 57 59 244
55 2408.0 261.7 31 33 36 41 48 51 52 53 54 56 57 58 60 164 263 282
56 2561.3 185.5 31 34 35 37 46 49 51 52 54 55 57 58 59 96 122 187
57 2816.8 117.2 31 32 35 36 38 48 50 53 55 56 58 59 60 174
58 2464.5 373.0 31 33 36 39 41 43 51 54 56 57 59 60 110
59 2670.4 304.6 31 32 34 37 40 44 50 52 55 57 58 60 66 272
60 2938.6 380.7 31 32 33 35 38 41 53 56 57 58 59 96 182 271
61 4313.7 643.7 18 31 62 63 64 65 66 67 69 70 71 72 73 75 77 79 81 83 84 85 87 89 90 91 179
62 4507.4 724.4 6 61 63 64 65 67 70 71 73 83 85 88 90 239 240
63 4594.8 830.0 61 62 64 65 66 68 71 74 78 86 89 236 297
64 4219.1 687.5 62 63 65 66 67 69 71 72 75 79 85 87 90 159 228
65 4332.0 801.9 3 26 61 62 63 64 66 67 68 70 73 74 76 88 169 170 246 257 261
66 4276.4 985.5 62 64 65 67 68 69 71 74 75 77 81 89 164
67 4086.0 756.3 23 61 63 65 66 68 69 70 71 72 75 76 78 88 90 226
68 4057.5 914.0 13 61 64 66 67 69 70 71 73 76 79 83 88
69 3870.2 981.9 61 62 65 67 68 70 71 72 74 77 80 84 90
70 3977.6 761.4 63 66 67 68 69 71 72 73 75 78 81 110 126 284
71 3813.6 781.0 61 64 67 69 70 72 73 74 76 79 80 81 82 85 88 131 229 276
72 3536.8 862.8 63 65 68 70 71 73 74 75 77 80 81 83 154 262 286
73 3916.4 680.0 32 61 66 69 71 72 74 75 76 78 81 84 88 173
74 3664.1 669.1 65 67 70 72 73 75 76 77 79 82 85 89 128
75 3450.6 571.2 61 68 71 72 73 74 76 77 78 80 83 86 102 212 232
76 3840.2 576.5 7 69 71 72 74 75 77 78 79 81 84 85 87 88 113 123
77 3711.2 493.7 5 61 68 70 73 75 76 78 79 80 82 85 86 88 171 205 246
78 3600.1 272.0 46 63 71 74 76 77 79 80 81 83 86 89 181
79 3915.7 409.4 61 64 70 71 72 75 77 78 80 81 82 84 87 90 119 163 184 245
80 3878.4 318.4 41 61 73 76 77 78 79 81 82 83 85 88 98 223 268
81 3903.5 127.1 19 61 62 66 71 74 76 77 79 80 82 83 84 86 89 90 104 186 213 245
82 4068.0 405.7 26 61 63 71 73 75 78 80 81 83 84 85 87 90 172 225 272
83 4143.4 305.1 2 61 64 68 76 79 81 82 84 85 86 88 193
84 4302.0 142.6 62 65 69 75 77 80 82 83 85 86 87 89 121 146 151
85 4252.2 458.4 61 63 66 71 78 81 82 83 84 86 87 88 90 132 155
86 4408.8 359.5 61 64 65 67 77 79 81 82 84 85 87 88 89 146
87 4595.6 340.4 61 62 65 66 68 78 80 83 85 86 88 89 90 168
88 4332.7 492.1 20 61 63 66 68 69 71 73 81 84 86 87 89 90
89 4535.1 566.1 19 61 62 64 67 70 74 80 82 85 87 88 90 126
90 4724.6 628.7 61 62 63 65 68 71 83 86 87 88 89 105 212 277
91 6111.5 465.7 61 92 93 94 95 96 97 99 100 101 102 103 105 107 109 111 113 114 115 117 119 120 121 204
92 6216.6 583.6 91 93 94 95 97 100 101 103 113 115 118 120 251 264 270 278
93 6381.5 755.3 52 91 92 94 95 96 98 101 104 108 116 119
94 6009.5 574.3 92 93 95 96 97 99 101 102 105 109 115 117 120 166 255
95 6088.7 742.3 47 91 92 93 94 96 97 98 100 103 106 118
96 6040.0 923.3 5 37 92 94 95 97 98 99 101 104 105 107 111 119 169 177 205 271 276 297
97 5861.9 637.4 91 93 95 96 98 99 100 101 102 105 106 108 109 118 120 254
98 5797.2 691.4 91 94 96 97 99 100 101 103 106 109 113 144 149 162 163 283 284
99 5641.8 847.4 91 92 95 97 98 100 101 102 104 107 110 114 120 223
100 5740.2 594.5 93 96 97 98 99 101 102 103 105 108 111 205 274 276
101 5593.2 628.2 91 94 97 99 100 102 103 104 106 109 110 111 112 115 118 252
102 5326.0 634.2 75 93 95 98 100 101 103 104 105 107 110 111 113 231 298
103 5644.3 528.0 39 91 96 99 101 102 104 105 106 108 111 114 118 174
104 5436.9 484.1 95 97 100 102 103 105 106 107 109 112 115 119 138
105 5285.2 365.5 26 91 98 101 102 103 104 106 107 108 110 113 116 141 237 262
106 5708.8 361.4 99 101 102 104 105 107 108 109 111 114 115 117 125
107 5563.9 287.3 91 98 100 103 105 106 108 109 110 112 115 116 118 146 149 215
108 5448.5 127.8 12 93 101 104 106 107 109 110 111 113 116 119 154
109 5786.5 308.6 3 24 26 91 94 100 101 102 105 107 108 110 111 112 114 117 120
110 5744.6 141.5 48 58 70 91 100 103 106 107 108 109 111 112 113 115 118 119
111 5815.6 6.0 91 92 96 101 104 106 107 109 110 112 113 114 116 119 120
112 5925.2 286.0 91 93 101 103 105 108 110 111 113 114 115 117 120 255
113 5965.3 163.8 91 94 98 106 109 111 112 114 115 116 118 162
114 6234.8 -12.4 7 63 92 95 99 105 107 110 112 113 115 116 117 119 154 274
115 6039.5 296.8 30 40 63 73 91 93 96 101 108 111 112 113 114 116 117 118 120 282
116 6234.7 278.2 91 94 95 97 109 111 112 114 115 117 118 119 240
117 6505.0 275.2 91 92 95 96 98 108 110 113 115 116 118 119 120 247
118 6094.8 402.0 91 93 96 99 101 103 111 114 116 117 119 120 230 238
119 6290.5 418.1 38 47 79 91 92 94 97 100 104 110 112 115 117 118 120 227
120 6502.7 529.6 91 92 93 95 98 101 113 116 117 118 119 242 273
121 7775.4 727.6 91 122 123 124 125 126 127 129 130 131 132 133 135 137 139 140 141 143 144 145 147 149 150 151 205
122 7943.8 774.1 56 68 104 121 123 124 125 127 130 131 133 143 145 148 150 300
123 8023.8 1004.2 121 122 124 125 126 128 131 134 138 146 149 230
124 7683.6 737.4 89 122 123 125 126 127 129 131 132 135 139 145 147 150 175 242
125 7718.9 902.1 121 122 123 124 126 127 128 130 133 136 137 148 185
126 7626.6 1082.5 10 70 89 122 124 125 127 128 129 130 131 134 135 137 141 149 150 177 190 220 250
127 7586.7 796.7 20 121 122 123 125 126 128 129 130 131 132 135 136 138 148 150 207
128 7468.6 937.5 2 74 121 124 126 127 129 130 131 133 136 139 143
129 7291.0 1014.6 25 47 121 122 125 127 128 130 131 132 134 137 140 144 150 189
130 7421.2 769.6 123 126 127 128 129 131 132 133 135 138 141
131 7206.8 791.0 72 121 124 127 129 130 132 133 134 136 139 140 141 142 145 148 181 271
132 7004.1 759.9 25 48 85 123 125 128 130 131 133 134 135 137 140 141 143 145 205 258 265
133 7399.6 664.7 38 45 121 126 129 131 132 134 135 136 138 141 144 148
134 7183.5 578.3 12 85 125 127 130 132 133 135 136 137 139 142 145 149
135 7025.7 460.0 121 128 131 132 133 134 136 137 138 140 143 146 292
136 7411.1 570.8 129 131 132 134 135 137 138 139 141 144 145 147 211
137 7294.0 395.7 82 121 125 128 130 133 135 136 138 139 140 142 145 146 148 164
138 7216.2 303.9 104 123 131 134 136 137 139 140 141 143 146 149 217 228
139 7510.7 490.0 121 124 130 131 132 135 137 138 140 141 142 144 147 150 173
140 7513.2 372.4 121 133 136 137 138 139 141 142 143 145 148 158 296
141 7547.1 163.6 105 121 122 126 131 134 136 137 139 140 142 143 144 146 149 150
142 7672.6 414.7 121 123 131 133 135 138 140 141 143 144 145 147 150 160 285
143 7782.0 298.8 121 124 128 136 139 141 142 144 145 146 148
144 7912.6 257.0 12 84 98 122 125 129 135 137 140 142 143 145 146 147 149 163
145 7753.1 498.9 121 123 126 131 132 138 141 142 143 144 146 147 148 150
146 7916.8 410.9 84 121 124 125 127 139 141 142 144 145 147 148 149 188 208
147 8217.7 484.7 121 122 125 126 128 138 140 143 145 146 148 149 150
148 7871.1 567.7 121 123 126 129 131 133 140 141 144 146 147 149 150 253
149 8062.9 634.2 40 98 121 122 124 127 130 134 140 142 145 147 148 150 230
150 8230.7 746.8 120 121 122 123 125 126 128 131 143 146 147 148 149 214 272
151 1122.0 2665.7 59 84 121 152 153 154 155 156 157 159 160 161 162 163 165 167 169 171 173 174 175 177 179 180 181 187 254 270
152 1214.1 2798.1 30 92 151 153 154 155 157 160 161 163 173 175 178 180 277
153 1215.9 3008.9 8 151 152 154 155 156 158 161 164 168 176 179 203
154 1007.7 2764.8 72 108 152 153 155 156 157 159 161 162 165 169 175 177 180
155 957.1 2881.8 94 151 152 153 154 156 157 158 160 163 166 178 227 259 290
156 869.1 3054.1 152 154 155 157 158 159 161 164 165 167 171 174 179 222 296
157 882.0 2758.5 151 153 155 156 158 159 160 161 162 165 166 168 178 180
158 735.6 2845.1 140 151 154 156 157 159 160 161 163 166 169 173 189
159 497.8 2970.9 64 151 152 155 157 158 160 161 162 164 167 170 174 180 191 202 215 218
160 758.2 2720.4 79 142 153 156 157 158 159 161 162 163 165 168 171 257 276
161 540.7 2693.0 21 47 151 154 157 159 160 162 163 164 166 169 170 171 172 175 178
162 248.8 2689.7 98 113 153 155 158 160 161 163 164 165 167 170 171 173
163 682.4 2600.7 9 98 151 156 159 161 162 164 165 166 168 171 174 178
164 500.3 2589.4 55 66 137 155 157 160 162 163 165 166 167 169 172 175 179 215
165 262.2 2466.4 22 63 151 158 161 162 163 164 166 167 168 170 173 176 290
166 716.3 2483.2 36 67 94 159 161 162 164 165 167 168 169 171 174 175 177 271
167 616.2 2382.6 35 37 151 158 160 163 165 166 168 169 170 172 175 176 178
168 532.5 2178.1 153 161 164 166 167 169 170 171 173 176 179 267
169 834.7 2483.9 65 96 151 154 160 161 162 165 167 168 170 171 172 174 177 180 221
170 850.8 2312.4 65 151 163 166 167 168 169 171 172 173 175 178 210 238
171 953.7 2155.7 151 152 156 161 164 166 167 169 170 172 173 174 176 179 180
172 974.3 2431.5 15 82 109 128 151 153 161 163 165 168 170 171 173 174 175 177 180
173 1063.5 2317.1 73 139 151 154 158 166 169 171 172 174 175 176 178
174 1282.6 2291.4 57 61 103 152 155 156 159 165 167 170 172 173 175 176 177 179
175 1092.8 2511.6 124 151 153 156 161 168 171 172 173 174 176 177 178 180 282
176 1296.9 2451.5 151 154 155 157 169 171 172 174 175 177 178 179
177 1555.1 2515.8 9 96 151 152 155 156 158 168 170 173 175 176 178 179 180 274
178 1110.9 2617.5 50 151 153 156 159 161 163 171 174 176 177 179 180 226 255 289 294 299
179 1276.8 2631.6 61 151 152 154 157 160 164 170 172 175 177 178 180
180 1501.8 2794.4 2 151 152 153 155 158 161 173 176 177 178 179 242 260 277
181 2866.0 2994.3 151 159 182 183 184 185 186 187 189 190 191 192 193 195 197 199 201 203 204 205 207 209 210 211 242 261
182 2936.7 3051.0 7 22 60 122 181 183 184 185 187 190 191 193 203 205 208 210 244
183 2989.6 3221.1 126 166 181 182 184 185 186 188 191 194 198 206 209 217
184 2751.9 3050.4 42 58 79 182 183 185 186 187 189 191 192 195 199 205 207 210
185 2759.0 3177.4 17 125 181 182 183 184 186 187 188 190 193 196 208 215 235
186 2605.1 3305.5 81 166 182 184 185 187 188 189 191 194 195 197 201 209
187 2594.6 3047.2 56 151 181 183 185 186 188 189 190 191 192 195 196 198 208 210
188 2427.1 3059.2 19 146 181 184 186 187 189 190 191 193 196 199 203 208
189 2261.3 3179.9 158 181 182 185 187 188 190 191 192 194 197 200 204 210
190 2459.4 2903.6 126 176 183 186 187 188 189 191 192 193 195 198 201
191 2315.2 2951.0 159 181 184 187 189 190 192 193 194 196 199 200 201 202 205 208 277 278
192 2099.1 2912.1 33 44 107 183 185 188 190 191 193 194 195 197 200 201 203
193 2450.1 2851.4 83 102 181 186 189 191 192 194 195 196 198 201 204 208
194 2339.3 2764.1 2 81 185 187 190 192 193 195 196 197 199 202 205 209 267
195 2177.5 2671.3 52 147 181 188 191 192 193 194 196 197 198 200 203 206
196 2543.4 2707.5 160 189 191 192 194 195 197 198 199 201 204 205 207
197 2457.1 2607.2 181 188 190 193 195 196 198 199 200 202 205 206 208 240 245
198 2449.5 2411.0 183 191 194 196 197 199 200 201 203 206 209 245
199 2647.7 2649.5 15 181 184 190 191 192 195 197 198 200 201 202 204 207 210
200 2648.0 2579.6 10 17 28 88 181 193 196 197 198 199 201 202 203 205 208 266
201 2806.7 2359.8 6 45 181 182 186 191 194 196 197 199 200 202 203 204 206 209 210
202 2772.1 2649.2 45 181 183 191 193 195 198 200 201 203 204 205 207 210
203 2968.4 2606.6 181 184 188 196 199 201 202 204 205 206 208 250
204 3179.0 2541.4 50 83 91 182 185 189 195 197 200 202 203 205 206 207 209
205 2875.3 2749.4 121 132 181 183 186 191 198 201 202 203 204 206 207 208 210
206 3080.8 2743.4 54 181 184 185 187 199 201 202 204 205 207 208 209 247
207 3342.4 2822.4 18 37 59 127 181 182 185 186 188 198 200 203 205 206 208 209 210
208 2917.3 2873.8 40 146 181 183 186 188 189 191 193 201 204 206 207 209 210 260 271 277
209 3113.0 2888.5 16 49 110 181 182 184 187 190 194 200 202 205 207 208 210 279
210 3305.7 3093.0 32 132 170 181 182 183 185 188 191 203 206 207 208 209 241
211 4721.1 2756.7 13 136 181 212 213 214 215 216 217 219 220 221 222 223 225 227 229 231 233 234 235 237 239 240 241
212 4750.2 2848.5 47 75 90 211 213 214 215 217 220 221 223 233 235 238 240
213 4761.6 3047.4 11 44 46 81 211 212 214 215 216 218 221 224 228 236 239 250
214 4599.6 2786.3 55 212 213 215 216 217 219 221 222 225 229 232 235 237 240
215 4558.6 2928.7 41 43 107 164 185 211 212 213 214 216 217 218 220 223 226 238
216 4342.0 3018.4 212 214 215 217 218 219 221 224 225 227 231 239 264
217 4429.5 2715.9 183 211 213 215 216 218 219 220 221 222 225 226 228 238 240
218 4261.4 2814.4 11 159 211 214 216 217 219 220 221 223 226 229 233 281
219 4029.6 2863.0 33 211 212 215 217 218 220 221 222 224 227 230 234 240 271 275
220 4370.8 2677.7 25 126 213 216 217 218 219 221 222 223 225 228 231 276
221 4156.4 2652.8 46 123 169 211 214 217 219 220 222 223 224 226 229 230 231 232 235 238
222 3902.6 2636.6 25 213 215 218 220 221 223 224 225 227 230 231 233 261 276
223 4340.2 2558.9 22 80 99 211 216 219 221 222 224 225 226 228 231 234 238
224 4188.0 2481.6 215 217 220 222 223 225 226 227 229 232 235 239
225 4061.2 2324.2 22 82 211 218 221 222 223 224 226 227 228 230 233 236 268
226 4394.9 2499.1 67 80 178 219 221 222 224 225 227 228 229 231 234 235 237
227 4312.7 2340.1 19 155 211 218 220 223 225 226 228 229 230 232 235 236 238 294
228 4325.7 2147.7 47 64 138 163 213 221 224 226 227 229 230 231 233 236 239
229 4513.9 2396.9 71 106 211 214 220 221 222 225 227 228 230 231 232 234 237 240
230 4583.7 2336.6 118 123 149 211 223 226 227 228 229 231 232 233 235 238
231 4775.0 2158.4 197 211 212 216 221 224 226 227 229 230 232 233 234 236 239 240 255
232 4681.7 2488.5 75 211 213 214 221 223 225 228 230 231 233 234 235 237 240 299
233 4855.1 2340.8 211 214 218 226 229 231 232 234 235 236 238
234 5074.7 2286.1 10 50 87 212 215 219 225 227 230 232 233 235 236 237 239
235 4796.6 2500.2 185 211 213 216 221 228 231 232 233 234 236 237 238 240 282
236 4917.0 2555.9 57 63 211 214 215 217 229 231 232 234 235 237 238 239
237 5168.2 2563.8 105 110 211 212 215 216 218 228 230 233 235 236 238 239 240
238 4831.4 2661.4 170 211 213 216 219 221 223 231 234 236 237 239 240
239 4960.5 2721.3 62 211 212 214 217 220 224 230 232 235 237 238 240 286
240 5118.8 2895.1 62 116 181 197 211 212 213 215 218 221 233 236 237 238 239
241 6520.6 3022.3 210 211 242 243 244 245 246 247 249 250 251 252 253 255 257 259 261 263 264 265 267 269 270 271
242 6552.1 3139.8 120 181 241 243 244 245 247 250 251 253 263 265 268 270
243 6470.1 3331.7 189 241 242 244 245 246 248 251 254 258 266 269
244 6349.2 3112.2 54 71 242 243 245 246 247 249 251 252 255 259 265 267 270 275
245 6306.0 3199.3 7 79 197 198 207 240 241 242 243 244 246 247 248 250 253 256 268
246 6147.2 3311.6 65 77 174 242 244 245 247 248 249 251 254 255 257 261 269
247 6207.0 3049.1 138 173 206 241 243 245 246 248 249 250 251 252 254 255 256 258 267 268 270 294 300
248 6045.6 3136.8 241 244 246 247 249 250 251 253 256 259 263
249 5806.5 3108.4 241 242 245 247 248 250 251 252 254 257 260 264 270
250 6149.2 2957.5 126 213 243 246 247 248 249 251 252 253 255 258 261
251 5957.1 2967.1 92 241 244 247 249 250 252 253 254 256 259 260 261 262 265 268 276
252 5751.4 2843.6 98 101 237 243 245 248 250 251 253 254 255 257 260 261 263
253 6153.2 2858.2 241 246 249 251 252 254 255 256 258 261 264 268
254 5983.8 2762.6 97 151 245 247 250 252 253 255 256 257 259 262 265 269
255 5876.4 2638.7 75 94 112 178 241 248 251 252 253 254 256 257 258 260 263 266 273
256 6197.5 2747.1 31 239 249 251 252 254 255 257 258 259 261 264 265 267
257 6161.1 2660.1 65 160 169 241 248 250 253 255 256 258 259 260 262 265 266 268
258 6166.8 2428.2 27 52 124 132 243 251 254 256 257 259 260 261 263 266 269
259 6365.7 2721.4 66 155 241 244 250 251 252 255 257 258 260 261 262 264 267 270
260 6390.5 2613.5 16 208 241 253 256 257 258 259 261 262 263 264 265 268 300
261 6573.1 2479.2 10 38 65 181 222 227 241 242 246 251 254 256 257 259 260 262 263 264 266 269 270
262 6483.1 2751.1 105 241 243 251 253 255 258 260 261 263 264 265 267 270
263 6667.0 2708.1 55 241 244 248 256 259 261 262 264 265 266 267 268 283
264 6938.7 2632.5 44 216 242 245 249 255 257 260 262 263 265 266 267 269 277
265 6616.4 2829.2 5 34 132 241 243 246 251 258 261 262 263 264 266 267 268 270
266 6794.5 2828.2 224 241 244 245 247 259 261 262 264 265 267 268 269
267 6965.8 2983.1 90 104 194 241 242 245 246 247 248 258 260 263 265 266 268 269 270
268 6598.0 2979.3 5 80 241 243 246 249 251 253 261 264 266 267 269 270
269 6731.2 3016.4 70 126 241 242 244 247 250 254 260 262 265 267 268 270
270 6796.5 3202.9 54 92 241 242 243 245 248 251 263 266 267 268 269
271 8270.3 2754.8 1 131 166 171 208 219 241 272 273 274 275 276 277 279 280 281 282 283 285 287 289 291 293 294 295 297 299 300
272 8287.8 2913.6 82 150 271 273 274 275 277 280 281 283 293 295 298 300
273 8240.0 3109.7 134 255 271 272 274 275 276 278 281 284 288 296 299
274 8168.3 2850.9 100 177 248 272 273 275 276 277 279 281 282 285 289 295 297 300
275 8076.4 2943.8 137 244 251 271 272 273 274 276 277 278 280 283 286 287 298
276 7850.5 3038.9 1 40 71 96 100 160 220 227 251 272 274 275 277 278 279 280 281 284 285 287 291 299
277 8029.6 2773.7 180 191 271 273 275 276 278 279 280 281 282 285 286 288 298 300
278 7845.9 2825.9 8 191 271 274 276 277 279 280 281 283 286 289 293
279 7589.2 2840.1 209 271 272 275 277 278 280 281 282 284 287 290 294 300
280 7877.1 2672.3 135 173 273 276 277 278 279 281 282 283 285 288 291
281 7714.7 2645.6 10 227 271 274 277 279 280 282 283 284 286 289 290 291 292 295 298
282 7486.8 2568.0 55 115 175 235 273 275 278 280 281 283 284 285 287 290 291 293 295
283 7950.5 2605.5 98 263 271 276 279 281 282 284 285 286 288 291 294 298
284 7790.8 2449.6 52 98 275 277 280 282 283 285 286 287 289 292 295 299
285 7691.5 2325.2 49 142 271 278 281 282 283 284 286 287 288 290 293 296
286 8043.2 2472.5 239 279 281 282 284 285 287 288 289 291 294 295 297
287 8021.6 2354.9 63 102 271 275 278 280 283 285 286 288 289 290 292 295 296 298
288 8089.6 2197.8 273 281 284 286 287 289 290 291 293 296 299
289 8152.3 2490.0 198 271 274 280 281 282 285 287 288 290 291 292 294 297 300
290 8236.3 2358.6 165 180 271 283 286 287 288 289 291 292 293 295 298
291 8473.2 2285.9 132 271 272 276 281 284 286 287 289 290 292 293 294 296 299 300
292 8285.5 2479.8 135 271 273 281 283 285 288 290 291 293 294 295 297 300
293 8525.0 2476.7 25 271 274 278 286 289 291 292 294 295 296 298
294 8758.6 2419.5 187 227 247 272 275 279 285 287 290 292 293 295 296 297 299
295 8397.1 2579.8 271 273 276 281 282 288 291 292 293 294 296 297 298 300
296 8536.9 2683.0 8 55 140 156 271 274 275 277 289 291 292 294 295 297 298 299
297 8748.9 2743.5 63 271 272 275 276 278 288 290 293 295 296 298 299 300
298 8379.8 2712.8 17 28 95 102 271 273 276 279 281 283 290 291 294 296 297 299 300
299 8455.1 2830.3 178 232 271 272 274 277 280 284 290 292 295 297 298 300
300 8574.9 3030.9 106 122 247 260 271 272 273 275 278 281 293 296 297 298 299
