1 1198.8 877.9 2 3 4 5 6 7 8 9 11 12 13 14 15 17 19 20 21 22 23 24 25 27 29 30 31 32 33 35 36 37 38 40 43 50 53 57 63 64 66 71 78 79 85 92 94 99 105 106 113 115 118 120 125 127 131 134 140 141 144 148 155 156 157 162 169 170 176 183 187 190 196 197 204 209 211 218 222 225 232 234 235 239 246 248 249 253 258 260 261 267 274 280 281 287 288 295 300 302 309 311 313 316 320 323 326 330 337 339 342 344 351 352 353 358 359 365 372 373 378 379 386 391 393 400 404 407 414 417 421 428 430 435 442 443 449 456 463 466 469 470 477 482 484 491 495 497 498 504 505 508 512 519 521 526 528 533 534 540 547 554 559 560 561 564 568 573 575 582 586 589 590 591 596 599 603 610 612 617 621 624 625 631 638 645 651 652 659 664 666
2 1190.6 1168.5 1 3 4 5 7 8 9 13 18 21 22 25 26 31 33 34 36 37 76 139 223 234 240 294 305 422 536 572 590
3 1038.3 1332.2 1 2 4 5 6 8 10 13 14 17 19 20 21 23 26 27 32 34 35 36 37 41 67 103 128 177 235 284 375 444 445 530 556 634 666
4 613.9 1486.4 1 2 3 5 6 7 9 10 11 13 15 17 20 24 27 28 29 33 34 36 45 231 332 445 518 543 545 558 579 606 646
5 162.6 1564.2 1 2 3 4 6 7 8 10 11 12 13 14 16 17 21 23 25 28 29 34 35 37 55 57 101 128 139 160 204 257 334 338 343 478
6 1085.8 1110.5 1 3 4 5 7 8 9 11 13 17 22 25 26 29 30 31 32 35 37 157 182 223 229 273 344 404 519 564 569
7 982.4 1206.8 1 2 4 5 6 8 9 10 11 12 13 14 18 23 27 30 31 36 81 112 137 196 203 250 648
8 699.9 1396.4 1 2 3 5 6 7 9 10 11 13 15 17 18 19 21 24 28 31 32 33 34 37 55 66 89 112 161 232 381 496 505 507 534 614 639 666
9 200.9 1258.2 1 2 4 6 7 8 10 11 12 14 15 16 20 21 25 27 28 29 32 33 56 334 431 639 645
10 -304.4 942.6 2 5 7 8 9 11 12 13 15 17 21 25 26 29 30 32 33 34 191 214 306 556 584 658
11 808.8 1128.8 1 2 3 5 6 8 9 10 12 13 14 16 18 22 25 27 31 34 35 67 153 157 173 277 339 347 445 451 612
12 560.1 1187.1 4 7 9 10 11 13 14 15 17 19 22 23 24 25 28 32 35 36 37 193 334 339 439 467 489 622 635
13 125.8 954.2 1 2 3 4 5 6 7 8 10 11 12 14 15 16 18 19 20 21 22 24 25 28 29 31 33 34 35 36 37 55 89 136 144 149 201 211 223 300 305 445 579
14 19.7 600.8 1 5 6 9 11 12 13 15 16 17 19 21 23 25 30 33 34 37 50 69 112 252 281 285 289 371 427 524 658
15 45.0 199.4 1 2 7 9 10 12 13 14 16 17 18 20 22 26 30 31 35 36 109 142 189 211 223 237 247 258 265 306 332 335 341 390 414 421 431 571 594 666
16 574.6 1076.5 2 3 8 11 13 14 15 17 18 19 21 23 25 27 29 31 32 36 37 40 58 133 152 181 202 220 241 277 445 461 482 502 505 545 551 653 666
17 362.4 945.3 1 3 4 5 7 9 10 12 14 15 16 18 19 20 22 23 24 28 29 33 35 37 72 96 114 116 215 233 251 280 321 351 452 556
18 215.9 586.9 1 4 5 10 13 14 15 16 17 19 20 21 23 25 29 34 37 86 155 202 276 308 386 445 605 659
19 441.8 285.1 1 2 5 6 11 13 14 16 17 18 20 21 22 24 26 27 30 35 112 113 234 283 284 327 334 361 393 634
20 1136.8 42.0 1 3 6 7 10 12 15 17 18 19 21 22 23 25 27 28 31 33 36 51 86 89 94 223 226 272 368 444 464 505 595 662
21 595.7 838.6 1 2 3 4 5 7 8 9 11 12 13 14 16 18 19 20 22 23 24 25 26 27 28 32 33 34 35 37 55 89 112 144 174 233 239 415 417 513 587 588 620 627
22 562.1 587.6 1 5 7 8 9 13 14 17 19 20 21 23 24 25 27 29 33 69 145 182 334 414 418 427 433 476 495 554 666
23 891.4 315.0 1 2 5 6 9 10 12 15 17 18 20 21 22 24 25 26 28 30 34 69 84 137 252 304 337 364 438 515 556 561 596 626
24 1283.8 244.5 3 4 7 8 10 11 16 19 21 22 23 25 26 27 29 31 35 37 86 137 164 232 264 298 334 371 491 535 556 579 606 645
25 1907.4 365.4 1 4 6 8 11 12 13 16 17 18 19 20 21 22 23 24 26 27 28 30 31 32 36 37 235 241 252 256 325 401 443 445 497 658
26 638.9 589.2 1 5 9 12 13 18 21 23 24 25 27 28 29 30 31 33 37 93 95 135 153 206 267 276 329 334 366 391 427 489 510
27 943.9 390.1 1 3 4 6 9 10 13 14 18 19 21 22 24 25 26 28 29 30 32 34 67 90 97 140 223 225 237 257 291 371 382 459 569 579
28 1437.3 483.3 2 7 10 11 13 14 15 20 23 25 26 27 29 30 31 33 35 38 74 112 139 223 355 412 455 547 585 625
29 1928.4 749.8 1 3 4 5 8 10 12 15 16 17 21 22 24 26 27 28 30 31 32 34 35 36 48 132 138 141 207 314 379 388 411 415 445 556 623 666
30 2079.0 1286.5 4 9 13 16 17 22 24 25 27 28 29 31 32 33 35 37 138 260 353 366 379
31 1059.0 631.1 1 5 10 11 12 13 14 17 18 23 25 26 28 29 30 32 33 34 36 52 224 327 356 359 421 531 554 556 565 623
32 1332.7 729.6 1 2 6 11 15 18 19 22 24 27 29 30 31 33 34 35 37 44 49 96 97 208 273 344 359 372 445 519 557 601 634
33 1667.3 783.8 1 2 3 7 8 9 12 14 16 19 20 21 25 26 28 30 31 32 34 35 36 98 114 327 334 440 561 624
34 1864.6 1290.9 2 3 4 5 7 8 13 15 17 20 21 26 29 31 32 33 35 36 37 55 89 112 144 223 233 302 377 472 492 504
35 1577.5 1727.0 1 3 5 6 9 14 17 18 21 22 27 29 30 32 33 34 36 37 112 151 202 238 334 353 421 483 615 666
36 1213.3 845.9 1 2 4 6 10 15 19 22 23 25 28 29 31 33 34 35 37 108 166 180 304 556 571 666
37 1590.9 1000.7 1 2 3 5 6 7 11 12 13 16 18 20 23 24 25 29 30 32 34 35 36 69 71 75 219 223 398 461 592
38 3765.8 1378.3 1 39 40 41 42 43 44 45 46 48 49 50 51 52 54 56 57 58 59 60 61 62 63 64 66 67 68 70 72 73 74 75 270 556
39 3788.4 1671.1 13 38 40 41 42 44 46 50 55 58 59 62 63 68 70 71 73 74 167 206 215 246 260 344 407 445 464 479 575 579 603
40 3459.2 1756.8 1 34 38 39 41 42 43 45 47 51 54 56 57 60 63 64 69 72 73 74 167 313 334 586 591
41 2942.7 1774.6 38 39 40 42 43 44 46 47 48 50 52 54 57 61 64 65 66 70 71 73 176 222 223 268 381 389 410 503
42 2379.9 1573.2 38 39 40 41 43 44 45 47 48 49 51 53 54 58 60 62 65 66 71 72 74 77 99 112 153 419 445 491 535 574 666
43 3661.9 1584.1 1 38 40 41 42 44 45 46 48 50 54 59 62 63 66 67 68 69 72 74 189 192 220 263 381 395 442 451 460 549 556 563 666
44 3401.0 1663.3 38 39 41 42 43 45 46 47 48 49 50 51 55 60 64 67 68 73 311 340 378 447 470 505 528 633 660 664
45 3132.1 1816.4 40 42 43 44 46 47 48 50 52 54 55 56 58 61 65 68 69 70 71 74 116 130 248 266 389 417 439 478 480 547 556 585
46 2616.6 1450.0 38 39 41 43 44 45 47 48 49 51 52 53 57 58 62 64 65 66 69 70 93 129 203 226 392 445 548 559 585 614 620 666
47 2405.3 964.6 29 39 42 44 45 46 48 49 50 52 54 58 62 63 66 67 69 70 71 112 123 243 259 334 401 422 445 471 490 591 592 601
48 3365.3 1552.2 38 39 40 42 43 45 46 47 49 50 51 53 55 59 62 64 68 71 72 104 143 146 190 223 334 376 612 621
49 2935.6 1399.0 32 41 44 46 47 48 50 51 52 54 56 59 60 61 62 65 69 72 73 74 96 112 179 325 351 386 556 586 622
50 2788.5 1188.4 1 38 39 41 42 43 44 45 47 48 49 51 52 53 55 56 57 59 61 62 65 66 68 70 71 72 73 74 108 112 284 447 666
51 2838.4 761.9 20 38 43 46 48 49 50 52 53 54 56 58 60 62 67 70 71 74 162 314 451 466
52 3056.5 472.1 38 39 44 46 47 49 50 51 53 54 55 57 59 63 67 68 72 73 183 284 336 414 556 626 639
53 3276.2 1337.4 1 39 40 45 48 50 51 52 54 55 56 58 60 62 64 66 68 69 73 74 120 174 177 191 353 414 445 633 643
54 2943.7 1236.2 38 40 41 42 44 46 47 49 51 52 53 55 56 57 59 60 61 65 66 70 72 74 208 223 301 334 479 521 640
55 2914.3 949.2 5 8 13 21 34 38 41 42 47 50 51 52 53 54 56 57 58 60 62 66 71 74 89 144 151 223 233 334 361 377 435 445 535 610 666
56 3416.8 594.7 9 22 38 39 42 43 48 50 51 53 54 55 57 58 59 61 63 64 67 72 78 112 268 342 396 639
57 4124.0 514.3 1 38 40 43 44 47 49 52 54 55 56 58 59 60 62 64 65 68 70 73 97 141 256 304 405 430 439 517 527 532 596 666
58 3205.9 1088.7 38 39 41 44 45 46 49 50 51 53 55 56 57 59 60 61 62 63 64 65 69 70 72 74 160 204 214 257 294 450 454 494 583 585
59 3396.8 876.1 5 38 42 44 45 46 50 51 54 56 57 58 60 61 62 64 66 70 93 106 156 165 172 183 190 236 257 313 487 518 556 586 641
60 3752.4 690.3 38 39 42 43 46 47 49 52 54 55 57 58 59 61 62 63 65 67 71 112 201 260 369 401 445 542 546 556
61 4197.5 822.1 29 40 41 44 45 47 48 53 56 58 59 60 62 63 64 66 68 72 74 80 82 295 334 361 423 549
62 4744.5 957.1 38 41 43 45 48 49 50 53 54 55 56 57 58 59 60 61 63 64 65 67 68 69 73 74 117 167 182 206 223 237 268 432 438 533 556 640
63 3466.5 1058.9 1 38 42 46 48 49 50 55 58 60 61 62 64 65 66 67 68 70 74 112 242 348 373 405 437 452 520 526 566 661
64 3732.2 872.6 1 38 40 41 43 46 47 50 51 55 56 58 59 61 62 63 65 66 67 69 71 119 305 316 325 387 472 482 620 666
65 4274.2 966.8 10 39 44 47 48 50 51 52 57 60 62 63 64 66 67 68 70 72 179 285 314 350 518 609
66 4445.4 1497.4 1 8 22 38 40 41 42 45 47 49 52 53 54 58 59 61 63 64 65 67 68 69 71 72 73 85 218 229 238 280 306 325 364 376 382 460 472 489 542 545 556
67 4389.9 1940.6 27 41 46 50 53 54 59 61 62 64 65 66 68 69 70 72 74 128 148 160 223 313 324 325 337 445 446 525
68 3748.7 1096.4 38 42 47 48 49 50 51 54 55 60 62 63 65 66 67 69 70 71 72 73 189 214 223 261 334 377 393 445 458 528 572 666
69 4104.2 1232.5 14 22 38 39 43 48 52 55 56 59 61 64 66 67 68 70 71 72 74 128 137 154 223 285 310 330 377 424 471 472 530 568 575
70 4380.8 1522.7 38 39 40 44 45 46 49 51 53 56 57 58 62 63 65 67 68 69 71 72 73 112 137 239 305 317 400 417 472 512 525 540 586 620
71 4176.1 1829.6 1 14 37 39 41 44 45 50 52 54 57 58 63 66 68 69 70 72 73 74 89 152 245 251 287 300 353 411 663 666
72 3735.6 2240.4 38 40 42 43 46 51 54 55 58 59 64 66 67 69 70 71 73 74 224 298 385 390 400 436 445 527 548 621 650
73 3914.1 1355.2 33 38 39 41 43 47 52 56 59 60 62 65 66 68 70 71 72 74 87 112 127 230 240 445 464 544 556
74 4079.8 1625.6 28 38 39 40 42 43 44 48 49 50 53 55 57 60 61 62 66 67 69 71 72 73 92 97 334 380 445 461 478 590
75 6274.8 950.6 38 76 77 78 79 80 81 82 83 85 86 87 88 89 91 93 94 95 97 98 99 101 103 104 105 107 109 110 111 112 131 154 193 194 232 317 334 422 556 574 634
76 6220.1 1244.9 2 26 75 77 78 79 81 83 87 92 95 96 99 100 105 107 108 110 111 147 174 223 386 390 502 506 566 579 664
77 5861.3 1296.6 9 31 75 76 78 79 80 82 84 88 91 93 94 97 100 101 106 109 110 111 112 364 494 498 658 659 666
78 5356.0 1304.4 1 37 75 76 77 79 80 81 83 84 85 87 89 91 94 98 101 102 103 107 108 110 295 305 378 421 424 429 433 474 566 666
79 4963.0 985.8 1 30 75 76 77 78 80 81 82 84 85 86 88 90 91 95 97 99 102 103 106 108 109 111 119 163 276 279 290 398 441 523 620
80 6030.5 1122.2 75 77 78 79 81 82 83 85 87 91 96 99 100 103 104 105 106 109 111 121 223 246 249 339 352 418 432 522 540 556 565 582 633
81 5942.4 1281.4 75 76 78 79 80 82 83 84 85 86 87 88 92 97 101 104 105 110 112 185 398 445 449 549 666
82 5563.7 1161.6 77 79 80 81 83 84 85 87 89 91 92 93 95 98 102 105 106 107 111 149 324 330 334 362 372 505 545 582 655
83 5121.4 875.1 4 54 75 76 78 80 81 82 84 85 86 88 89 90 94 95 99 101 102 103 106 107 130 197 211 223 257 261 433 493 556 657
84 5180.4 361.7 66 76 79 81 82 83 85 86 87 89 91 95 99 100 103 104 106 107 108 112 168 361 380 387 392 400 464 483 509 540 556 570 577
85 5930.0 1028.3 1 75 76 77 79 80 82 83 84 86 87 88 90 92 96 99 101 105 108 109 141 206 263 323 344 351 413 535 666
86 5549.2 950.5 20 43 78 81 83 84 85 87 88 89 91 93 96 97 98 99 102 106 109 110 111 112 123 216 233 240 291 334 336 534
87 5396.5 520.1 67 75 76 78 79 80 81 82 84 85 86 88 89 90 92 93 94 96 98 99 102 103 105 107 108 109 110 111 199 243 291 304 334 359 371 445 487 496 556 627
88 5584.4 208.5 21 68 73 75 80 83 85 86 87 89 90 91 93 95 97 99 104 107 108 111 149 165 279 445 463 536 556 581 651
89 6071.1 -23.0 8 13 20 21 34 55 75 76 81 83 84 86 87 88 90 91 92 94 96 100 104 105 109 110 143 144 233 239 321 334 377 516 610 623 627 654
90 5745.8 959.7 27 76 77 82 85 87 88 89 91 92 93 95 97 99 101 103 105 106 110 111 223 261 267 291 329 380 489 555 573 637
91 5665.5 720.8 75 77 78 79 81 83 84 86 88 89 90 92 93 94 96 97 98 100 102 103 107 109 111 112 149 262 308 486 556 597
92 5840.2 392.8 1 75 78 79 84 87 88 89 90 91 93 94 95 97 99 103 108 111 148 181 221 302 437 485 574 666
93 6488.4 155.6 46 75 76 79 80 85 87 88 90 91 92 94 95 96 98 100 101 104 109 223 274 315 338 355 515 661
94 7153.3 366.4 1 20 27 75 77 80 81 84 86 89 91 92 93 95 96 97 99 101 102 105 107 110 252 284 289 335 347 351 353 361 442 445 450 537 556 666
95 5945.4 656.1 26 75 76 78 81 82 83 86 87 88 90 92 93 94 96 97 98 99 100 101 102 106 107 109 111 170 273 356 365 443 445 452 517 546 585
96 6220.8 414.9 17 49 75 79 81 82 83 87 88 91 93 94 95 97 98 99 101 103 107 143 171 197 235 334 367 411 446 460 476 564 631 643
97 6628.8 443.8 27 75 76 79 80 83 84 86 89 91 92 94 95 96 98 99 100 102 104 108 117 183 216 223 277 283 290 438 485 490 510
98 6993.7 486.8 33 67 77 78 81 82 84 85 90 93 95 96 97 99 100 101 103 105 109 111 112 160 253 365 402 665
99 7252.2 902.7 1 42 75 78 80 82 85 86 87 90 91 92 93 94 95 96 97 98 100 101 102 104 105 106 110 111 112 223 255 434 506 517 539 643 666
100 6210.5 610.6 75 79 83 86 87 92 95 97 98 99 101 102 103 104 105 107 111 132 197 204 218 219 262 298 312 334 360 393 447 493 594 637
101 6589.8 538.9 26 75 77 78 80 83 84 87 88 92 93 95 96 98 99 100 102 103 104 106 108 140 159 243 317 327 364 370 501 505 510 556 625 638
102 6965.6 762.4 47 76 81 84 85 87 88 89 94 97 99 100 101 103 104 105 107 109 349 367 445 450 514 528
103 7061.9 1237.5 3 75 77 78 79 82 84 86 89 90 91 95 96 98 100 101 102 104 105 106 108 109 110 267 278 286 294 334 367 383 392 441 508 534 575 593 651
104 6538.9 1775.6 78 83 87 90 91 96 98 99 101 102 103 105 106 107 109 111 197 223 274 416 445 554 653
105 6533.2 787.8 1 75 79 84 85 86 87 88 91 92 97 99 100 102 103 104 106 107 108 110 112 232 272 298 325 350 401 430 434 470 580
106 6682.2 897.0 1 59 75 76 80 85 89 92 93 96 98 101 103 104 105 107 108 109 111 165 216 223 235 272 302 317 345 379 473 538 599 666
107 6794.1 1364.0 75 76 77 81 82 83 86 88 90 93 94 95 99 100 102 104 105 106 108 109 110 159 167 195 275 409 441 445 569 574 597 666
108 6499.8 1626.5 36 76 78 81 82 87 89 91 94 95 100 103 105 106 107 109 110 111 127 142 223 233 454 556 558 611 666
109 5823.9 1874.6 15 75 77 79 80 83 88 91 92 95 96 101 103 104 106 107 108 110 111 181 239 335 353 372 383 427 445 449 465 514 522 591 622 631
110 6504.8 1043.5 75 76 78 80 84 89 93 96 97 99 102 103 105 107 108 109 111 200 213 267 273 334 376 379 472 484 604 651
111 6473.7 1350.8 75 76 77 79 80 81 85 86 87 90 92 94 97 98 99 103 104 106 108 109 110 144 153 156 186 223 377 409 421 606
112 8745.7 1419.6 7 8 14 19 21 28 34 35 42 47 49 50 56 60 63 70 73 75 77 81 84 86 91 98 99 105 113 114 115 116 117 118 119 120 122 123 124 125 126 128 130 131 132 133 134 135 136 138 140 141 142 143 144 146 147 148 149 151 154 161 164 168 174 175 177 182 189 190 196 203 205 210 216 217 224 229 231 236 238 242 245 252 255 259 266 267 268 273 280 281 287 294 298 301 307 308 315 320 322 329 333 336 343 346 350 357 359 360 364 371 372 378 385 391 392 398 399 406 411 413 420 422 424 427 434 437 439 441 448 450 453 455 462 463 466 469 476 483 484 489 490 496 497 502 504 506 511 515 518 525 528 532 539 541 544 546 553 554 560 567 574 577 580 581 588 593 595 602 606 608 609 616 619 623 630 632 637 639 644 645 651 658 664 665
113 8520.6 1615.7 1 19 112 114 115 116 118 120 124 129 132 133 136 137 142 144 145 147 148 183 211 334 432 491 666
114 8230.3 1681.4 17 33 112 113 115 116 117 119 121 125 128 130 131 134 137 138 143 146 147 148 388 395 469 556 583 584 588
115 7800.5 1427.4 1 61 112 113 114 116 117 118 120 121 122 124 126 128 131 135 138 139 140 144 145 147 184 198 273 342 374 382 402 458 556 649
116 7608.7 1100.3 17 45 112 113 114 115 117 118 119 121 122 123 125 127 128 132 134 136 139 140 145 146 148 150 198 215 351 354 428 445 524 536 579 625
117 8542.8 1443.5 62 112 114 115 116 118 119 120 122 124 128 133 136 137 140 141 142 143 146 148 213 334 455 533 576 636 655
118 8306.7 1575.4 1 96 112 113 115 116 117 119 120 121 122 123 124 125 129 134 138 141 142 147 167 223 265 313 544 579
119 8031.8 1443.3 79 112 114 116 117 118 120 121 122 124 126 128 129 130 132 135 139 140 142 143 144 148 177 223 301 342 396 400 476 588 653
120 7839.4 994.5 1 20 53 112 113 115 117 118 119 121 122 123 125 126 127 131 132 136 138 139 140 143 144 167 218 241 357 445 522 558 615 666
121 8245.7 542.6 88 113 116 118 119 120 122 123 124 126 128 132 136 137 140 141 143 144 145 575 583 605
122 8417.6 1449.3 13 112 113 114 116 117 119 120 121 123 124 125 127 129 133 136 138 142 145 146 226 396 450 556
123 8146.4 1189.6 93 115 118 120 121 122 124 125 126 128 130 133 134 135 136 139 143 146 147 148 294 336 432 445 541 550 633 641 647
124 8238.6 833.9 112 113 115 116 117 118 119 121 122 123 125 126 127 129 130 131 133 135 136 139 140 142 144 145 146 147 148 149 334 452 503 508
125 8601.8 583.8 1 17 112 117 120 122 123 124 126 127 128 130 132 134 136 141 144 145 148 159 170 184 223 241 246 255 305 317 355 385 413 423 482 538 561
126 9054.3 539.0 51 112 113 118 120 121 123 124 125 127 128 129 131 133 137 141 142 146 147 183 287 334 343 358 585 652
127 8426.7 1222.3 1 113 114 119 122 124 125 126 128 129 130 132 134 136 138 140 142 143 147 148 177 290 383 473 532 547 556 567 666
128 8398.0 964.4 3 5 69 112 114 115 116 118 120 121 123 125 126 127 129 130 131 133 134 135 139 140 144 146 148 155 167 208 325 358 364 412 445 474 642
129 8652.9 799.0 46 112 115 116 121 124 125 126 127 128 130 131 132 134 136 140 145 148 177 556 624
130 9327.2 783.4 45 83 112 113 116 117 122 124 125 127 128 129 131 132 133 135 137 138 141 146 200 211 223 327 341 368 385 399 405 445 504 510 529 631
131 9827.7 1171.9 1 33 97 112 114 117 118 121 123 126 128 129 130 132 133 134 136 138 139 142 144 147 162 203 226 236 301 334 428 479 543 593 625
132 8648.8 1024.3 29 112 113 115 118 119 120 123 124 125 127 129 130 131 133 134 135 136 137 138 139 143 144 146 148 223 327 368 456 534 554 588
133 9049.4 948.1 16 110 112 116 118 119 120 124 125 128 130 131 132 134 135 136 138 140 144 180 215 384 433 445 490 512 574 576 666
134 9414.6 924.6 1 31 112 113 116 117 120 121 123 126 128 129 131 132 133 135 136 137 139 141 145 166 173 367 399 416 429 437 457 475 567 593 602 666
135 9751.1 1291.4 94 114 115 118 119 121 122 127 130 132 133 134 136 137 138 140 142 146 148 445 450 452 509 588 637 652 659
136 9771.1 1673.7 112 115 117 119 122 123 124 127 128 129 130 131 132 133 134 135 137 138 139 140 141 142 143 147 148 195 355 370 423 490 525 556 594 619
137 8920.7 1082.6 23 69 70 112 116 120 123 124 129 132 134 135 136 138 139 140 141 142 144 148 153 156 206 207 252 268 275 313 372 445 455 461 600 631
138 9201.0 1135.0 29 30 112 114 115 117 120 121 124 125 129 130 132 133 135 136 137 139 140 141 143 145 273 334 355 395 642 649 660 662
139 9531.4 1469.2 2 5 28 39 84 113 118 121 122 124 125 126 131 134 136 137 138 140 141 142 144 146 217 223 235 295 306 334 507 666
140 9268.9 1981.6 27 101 112 114 115 116 119 121 123 126 127 128 132 133 135 137 138 139 141 142 143 145 146 147 159 219 343 378 417 430 525 526 556 560
141 8714.0 2194.5 1 29 57 61 115 120 124 127 128 133 135 136 138 139 140 142 143 144 146 148 182 234 287 409 433 486 516 666
142 9036.5 1330.4 15 108 112 116 121 122 123 124 125 128 129 134 136 137 139 140 141 143 144 145 147 199 205 240 279 335 338 410 448 467 559 660
143 9215.3 1609.9 48 89 96 112 113 117 122 126 129 130 133 135 138 140 141 142 144 145 146 148 160 264 267 304 319 384 467 473 556
144 9179.1 1854.0 1 13 21 34 55 89 111 112 113 114 118 119 120 123 125 127 130 131 132 136 137 139 141 142 143 145 146 147 213 233 348 351 377 398 445 610
145 8814.0 2093.2 22 53 113 115 118 119 124 126 128 131 132 137 140 142 143 144 146 147 148 223 264 332 334 421 434 442 457 492 512 541 553 587
146 8092.1 2141.2 48 112 114 116 117 120 122 125 128 129 132 133 138 140 141 143 144 145 147 148 185 223 279 303 372 393 445 464 558 610 666
147 9017.0 1484.1 76 112 113 115 117 121 126 130 133 134 136 139 140 142 144 145 146 148 150 184 196 206 274 450 576 585
148 8805.4 1726.2 1 92 112 113 114 116 117 118 122 123 124 127 129 131 134 135 136 140 141 143 145 146 147 325 334 526 593 639 665 666
149 11250.3 1045.3 13 19 88 89 91 112 150 151 152 153 154 155 156 157 159 160 161 162 163 165 167 168 169 171 172 173 175 177 178 179 181 183 184 185 186 207 255 297 327 448 471 482 541 547 588 594
150 11069.5 1275.5 116 149 151 152 153 155 157 161 166 169 170 173 174 179 181 182 184 185 239 269 310 368 480 556 577 607 650
151 10700.4 1081.6 20 35 47 55 112 121 149 150 152 153 154 156 158 162 165 167 168 171 174 175 180 183 184 185 189 202 260 268 311 397 445 493 626
152 10358.8 710.5 149 150 151 153 154 155 157 158 159 161 163 165 168 172 175 176 177 181 182 184 245 282 334 379 480 645
153 10510.8 355.8 12 26 42 111 149 150 151 152 154 155 156 158 159 160 162 164 165 169 171 173 176 177 182 183 185 223 323 356 424 510 526 544 556 584 641
154 11062.0 1017.4 69 75 112 149 151 152 153 155 156 157 159 161 165 170 173 174 177 178 179 180 183 185 344 401 436 488 492 506 520 613
155 10746.8 1063.2 1 18 149 150 152 153 154 156 157 158 159 160 161 162 166 171 175 178 179 184 290 372 424 545 569 577 581 638 644 666
156 10585.7 838.5 1 111 137 151 152 153 154 155 157 158 159 161 163 165 166 167 169 172 176 179 180 181 185 560 561 589 658
157 10652.8 326.1 1 4 6 39 55 65 79 149 150 152 154 155 156 158 159 160 162 163 164 167 168 169 173 175 176 177 180 181 191 204 519 556 576 641
158 11214.1 -46.5 15 114 140 150 153 155 156 157 159 160 161 163 165 169 173 174 177 178 180 181 182 223 445 453 456 490 619
159 10935.2 951.1 125 149 150 151 153 154 156 157 158 160 161 162 164 166 170 173 175 179 182 183 194 215 220 248 334 395 445 487 506 511 602 608 638 666
160 10968.2 545.5 66 143 146 152 155 157 158 159 161 162 163 165 167 170 171 172 173 176 180 183 184 185 223 239 290 515 551 581 599
161 11072.4 425.5 8 112 149 150 152 153 154 155 156 158 159 160 162 163 164 166 167 168 170 172 173 176 177 179 181 182 183 184 185 223 268 408 436 443 555 559 610 665
162 11597.2 179.1 1 51 60 131 149 154 157 159 160 161 163 164 165 167 169 171 173 178 181 182 185 235 245 355 363 404 536 567 666
163 12008.4 183.4 81 109 125 149 150 155 157 158 160 161 162 164 165 166 168 170 174 178 179 183 184 186 195 297 343 365 395 429 475 575 618 627
164 11135.6 786.3 24 112 134 150 151 156 159 161 162 163 165 166 167 169 171 173 175 177 179 180 184 185 307 321 393 556
165 11206.0 475.6 106 149 151 152 153 155 157 158 160 162 163 164 166 167 168 170 171 172 176 177 181 183 185 190 196 334 410 445 463
166 11572.9 421.6 36 149 152 153 158 161 162 163 164 165 167 168 169 171 173 177 182 185 289 334 339 401 445 479 483 542 556
167 12233.7 515.1 39 42 62 107 120 128 149 150 151 153 154 159 161 162 164 165 166 168 169 170 172 174 175 178 183 223 244 292 306 465 473 489 490 491 571 615 644
168 12515.4 1074.3 112 149 151 154 155 158 160 163 165 166 167 169 170 171 173 175 176 179 181 184 210 215 359 441 516 536 539 643
169 11484.9 582.1 1 149 150 152 155 156 157 160 161 162 164 166 167 168 170 171 172 173 174 175 176 180 181 183 185 248 282 341 439 456 531 559 666
170 11651.2 585.5 1 125 149 153 155 156 157 161 162 165 167 168 169 171 172 173 175 177 181 210 217 302 466 473 666
171 12145.9 858.8 149 150 153 154 157 158 160 163 165 166 168 169 170 172 173 174 176 178 182 223 246 512 556
172 12348.0 1173.2 36 151 152 155 156 158 159 164 167 169 170 171 173 174 175 177 179 183 185 213 256 265 279 355 445 497 589 590 598 627 666
173 12210.0 1602.9 15 41 134 149 152 154 156 159 160 161 164 165 166 167 168 169 170 171 172 174 175 176 178 179 180 184 185 191 334 358 465 574 619 651 657
174 11584.1 636.0 21 53 76 112 149 153 157 160 161 166 169 171 172 173 175 176 177 178 179 181 185 223 240 255 327 328 341 356 438
175 11894.8 843.9 46 100 112 149 151 152 154 157 158 161 162 166 167 169 170 172 173 174 176 177 178 180 182 214 359 367 623
176 12015.9 1282.9 1 150 155 158 159 161 162 163 166 168 171 173 174 175 177 178 179 181 183 188 240 272 349 423 457 533 599 666
177 11570.0 1648.3 3 112 119 149 151 152 153 156 158 160 163 164 165 169 170 172 174 175 176 178 179 180 182 183 184 260 369 434 475 519 653
178 10912.9 1843.5 152 157 161 164 165 170 172 173 175 176 177 179 180 181 183 185 232 258 311 316 334 486 545 556 559 611 622
179 11681.1 1000.9 105 149 153 158 159 160 161 162 165 166 171 173 174 176 177 178 180 181 182 184 213 229 235 334 346 372 407 431 445 504 556 617
180 11630.0 1302.7 8 36 133 149 150 154 159 163 166 167 170 172 175 176 177 178 179 181 182 183 185 219 230 251 290 334 386 584 587 641
181 11445.1 1468.1 16 25 92 126 149 150 151 155 156 157 159 160 162 164 167 168 169 173 174 176 178 179 180 182 183 184 223 228 269 326 388 619 650 652
182 11021.4 1722.9 62 112 141 150 152 155 156 161 163 165 168 169 174 177 179 180 181 183 184 185 282 283 366 387 397
183 10296.8 1528.0 1 52 97 113 126 149 151 153 154 157 162 165 166 169 170 175 177 178 180 181 182 184 185 190 219 222 255 293 307 340 493 501 503 573 666
184 11583.0 1190.4 21 58 99 115 125 147 149 150 152 154 158 163 167 170 171 173 176 177 179 181 182 183 185 223 414 504 505 515 556 635
185 11279.2 1302.0 146 149 150 151 153 154 155 159 160 161 164 166 168 171 172 173 177 178 180 182 183 184 231 242 341 445 537 556 605 666
186 13876.4 1548.1 111 149 187 188 189 190 191 192 193 194 196 197 198 199 200 202 204 205 206 208 209 210 212 214 215 216 218 220 221 222 302 305 332 445 499 564
187 13452.7 1486.2 1 186 188 189 190 192 194 198 203 206 207 210 211 216 218 219 221 222 236 285 334 360 523 553 590 604
188 13160.2 1315.1 114 154 186 187 189 190 191 193 195 199 202 204 205 208 211 212 217 220 221 222 223 387 414 466 558 605 641
189 13047.4 914.1 15 68 108 112 186 187 188 190 191 192 194 195 196 198 200 202 205 209 212 213 214 218 219 221 371 389 399 416 512 524
190 13306.9 524.9 1 48 112 165 186 187 188 189 191 192 193 195 196 197 199 201 202 206 208 210 213 214 219 220 222 282 381 413 458 581 588 666
191 13594.3 1362.6 157 186 188 189 190 192 193 194 196 198 202 207 210 211 214 215 216 217 220 222 227 311 334 394 454 529 543 549 620 645
192 13400.7 1283.6 43 148 186 187 189 190 191 193 194 195 196 197 198 199 203 208 212 215 216 221 223 233 253 398 483 556 580 644 663
193 13259.5 998.3 12 75 188 190 191 192 194 195 196 198 200 202 203 204 206 209 213 216 217 218 222 329 353 417 445 473 544 549 563 651 654
194 13546.2 685.7 102 159 186 187 189 191 192 193 195 196 197 199 200 201 205 206 210 212 213 214 217 218 281 333 334 337 486 491 506 510 514
195 14322.5 521.2 107 136 163 187 190 192 193 194 196 197 198 200 202 206 210 211 214 215 217 218 219 223 306 354 392 469 626
196 13616.8 1125.5 1 112 147 186 187 188 190 191 193 194 195 197 198 199 201 203 207 210 212 216 219 220 358 427 450 524 624
197 13749.9 956.9 1 96 100 189 192 194 195 196 198 199 200 202 204 207 208 209 210 213 217 220 221 222 223 269 298 327 346 357 397 402 445 527 532 547 635 666
198 13932.4 763.2 115 116 186 187 189 190 191 192 193 195 196 197 199 200 201 203 204 205 207 209 210 213 214 216 218 219 220 221 222 290 341 404 445 514 531 589 652 666
199 14443.7 773.9 142 172 186 191 194 196 197 198 200 201 202 204 206 208 210 215 218 219 222 320 322 339 386 390 439 471 488 493 540 556 656
200 14938.5 900.3 130 186 187 192 194 195 197 198 199 201 202 203 205 207 211 215 216 220 221 327 400 432 445 452 468 510 559 598 625
201 13699.9 1118.2 29 180 187 188 193 196 198 199 200 202 203 204 206 208 210 212 214 216 217 221 222 261 283 334 396 407 458 524 598 666
202 13951.5 892.4 16 18 151 186 188 189 190 192 194 195 197 199 200 201 203 204 205 207 208 209 213 214 218 220 222 223 323 375 483 597 611
203 14418.2 892.1 7 46 112 186 189 190 195 198 199 200 201 202 204 205 206 208 210 214 219 222 240 371 425 497 658
204 14934.9 1167.6 1 58 157 186 187 190 191 196 198 199 201 202 203 205 206 207 209 211 212 215 220 323 328 334 405 439 475 519 666
205 14889.9 1717.9 112 142 152 186 188 191 192 195 197 200 202 203 204 206 207 208 210 212 213 216 218 221 376 458 487 540 553 556 562 616 665 666
206 14067.7 1196.4 26 85 135 147 186 187 189 192 193 194 197 198 199 201 203 204 205 207 208 209 210 211 212 213 217 218 220 222 300 358 491 555 556 564 573 578 589
207 14449.3 1203.4 149 186 188 190 192 193 194 198 199 202 204 205 206 208 209 210 212 214 218 424 441 445 475 532 548
208 14608.8 1479.3 19 32 54 128 186 187 190 191 194 195 197 200 202 203 205 206 207 209 210 211 213 215 219 334 438 549 619
209 14675.7 1783.2 1 188 189 192 193 195 196 201 204 206 207 208 210 211 212 214 216 220 222 223 409 413 467 472 533 537 589
210 14359.5 2133.4 112 127 170 186 189 191 193 196 197 198 201 202 203 204 205 206 207 208 209 211 212 213 215 216 217 221 222 223 252 334
211 14308.5 1181.6 1 8 37 83 186 190 194 197 198 203 206 208 209 210 212 213 214 215 216 218 222 318 371 401 445 479 526 597 666
212 14396.5 1381.9 83 125 186 188 189 191 194 195 198 199 203 204 206 207 209 210 211 213 214 215 217 219 307 346 353 399 447 496 516 544
213 14421.6 1747.4 110 117 144 158 179 187 192 195 196 198 199 200 205 208 210 211 212 214 215 216 218 220 330 355 556 636
214 13799.9 2077.9 58 68 175 186 188 189 190 193 195 197 200 201 202 206 207 209 211 212 213 215 216 217 219 220 221 247 292 308 367 378 389 445 472 506 659
215 13139.4 2080.2 17 39 116 133 141 168 189 194 198 201 202 207 209 210 212 213 214 216 217 218 220 222 308 334 374 440 556
216 14252.1 1462.5 13 106 112 186 190 195 196 197 198 199 202 203 208 210 211 213 214 215 217 218 219 221 223 257 383 409 423 541 568 649
217 14152.0 1710.6 112 139 170 174 186 187 191 196 200 203 204 207 209 212 214 215 216 218 219 220 222 334 441 456 539 580
218 13767.5 1965.5 1 100 186 187 188 192 193 194 197 199 201 204 205 206 210 211 213 215 216 217 219 220 221 294 455 528 556 584 657 666
219 13234.1 1956.9 37 100 140 159 180 183 187 189 192 193 198 200 202 205 206 211 214 216 217 218 220 221 222 270 337 475 500 665
220 12671.8 1540.3 16 43 102 159 186 188 190 191 194 199 202 203 206 207 212 214 215 217 218 219 221 222 228 240 294 378 397 461 497 520 538 549 556 630
221 14035.6 1653.3 92 103 186 187 189 191 195 200 204 207 208 210 213 214 216 218 219 220 222 266 445 453 552
222 13608.9 1687.0 1 41 51 119 183 186 187 188 190 191 192 196 197 198 201 203 205 208 209 210 214 215 217 219 220 221 280 309 320 334 400 420 488
223 1515.5 3634.5 2 6 12 13 15 20 27 28 34 37 41 48 54 55 60 62 67 68 69 76 80 83 90 93 97 99 104 106 108 111 118 119 125 130 132 136 139 145 146 153 158 160 161 167 171 174 181 184 188 192 195 197 202 209 210 216 224 225 226 227 228 229 230 231 233 234 235 236 237 239 241 242 243 244 245 246 247 249 251 252 253 254 255 257 258 259 260 262 265 272 275 279 285 286 288 293 296 300 301 307 314 316 321 327 328 335 340 342 347 349 353 356 363 366 370 377 378 379 384 391 392 398 405 409 412 418 419 426 431 433 440 444 447 454 457 461 468 470 471 475 477 482 483 489 496 502 503 509 510 517 522 523 524 531 533 535 538 545 548 552 559 561 564 566 573 574 580 587 594 595 600 601 608 613 615 617 622 626 629 636 639 643 650 652 657 664 665
224 1163.6 3648.8 31 72 80 112 139 223 225 226 227 229 231 235 240 243 244 247 248 253 255 256 258 259 445 508 622 666
225 1085.6 3328.8 1 27 51 223 224 226 227 228 230 232 236 239 240 241 242 245 248 249 254 257 258 259 470 539 572 656 666
226 1098.4 2907.2 20 46 122 131 223 224 225 227 228 229 231 232 233 235 237 239 242 246 249 250 251 255 256 258 265 453 572 652 655
227 1478.0 2589.1 94 96 191 223 224 225 226 228 229 230 232 233 234 236 238 239 243 245 247 250 251 256 257 259 279 292 303 315 336 354 556 557 565 572 577 580
228 1403.9 3483.8 223 225 226 227 229 230 231 233 235 239 244 247 248 251 252 253 254 257 259 299 323 445 447 566 580 595
229 1283.5 3279.4 66 112 144 156 223 224 226 227 228 230 231 232 233 234 235 236 240 245 249 252 253 258 300 334 452 525 617 655
230 1323.4 3029.9 25 73 180 223 225 227 228 229 231 232 233 235 237 239 240 241 243 246 250 253 254 255 259 285 288 302 334 416 541 547
231 1698.7 2740.7 4 112 139 223 224 226 228 229 230 232 233 234 236 237 238 242 243 247 249 250 251 254 255 278 433 481 556 655
232 2425.9 2888.3 1 8 24 224 227 229 230 231 233 234 235 237 239 243 247 248 251 252 254 255 256 297 321 365 403 431 496 584 666
233 1538.1 3276.5 12 14 21 34 55 86 89 108 129 142 144 147 157 192 223 224 225 227 228 230 231 232 234 235 236 238 240 244 247 249 253 256 257 359 367 370 375 377 484 554 561 568 571 610 659
234 1671.4 3104.4 19 226 229 231 232 233 235 236 237 239 241 244 245 246 247 250 254 257 258 259 298 364 379 462 556 661
235 2132.7 3005.7 1 106 139 162 208 223 224 226 227 228 229 230 232 233 234 236 237 238 240 241 242 244 246 247 250 251 253 255 256 257 258 259 289 379 445 483 513 537
236 2513.8 3092.5 59 112 187 223 228 231 233 234 235 237 238 239 241 243 245 247 252 255 256 259 334 550 649
237 2826.4 3448.2 15 27 62 223 224 229 231 232 234 235 236 238 239 240 242 244 248 252 253 257 258 321 385 445 469 606 652 663 666
238 1627.5 3185.8 35 66 112 125 224 225 230 233 235 236 237 239 240 241 243 245 247 249 251 253 254 258 259 517 569 575
239 1930.2 3197.1 1 13 21 98 109 150 160 223 225 226 227 229 231 232 234 236 237 238 240 241 242 244 245 246 250 251 255 257 259 307 331 445 451 543 558 560 610 611 631 666
240 2404.8 3312.5 2 3 73 86 142 174 176 223 226 227 232 235 236 237 238 239 241 242 243 245 247 251 256 259 307 310 335 486 536
241 2669.9 3750.0 25 41 125 171 223 224 227 228 233 235 236 238 239 240 242 243 244 246 248 249 252 257 294 334 556 567 582
242 2486.5 4217.6 112 203 223 225 228 229 232 234 237 239 240 241 243 244 245 247 249 250 253 255 258 273 318 445 487 573 590 625 627
243 2056.6 3441.7 87 223 224 226 229 230 231 234 235 236 238 240 241 242 244 245 246 247 248 249 250 251 254 255 257 259 283 334 361 426 467 628
244 2211.0 3482.9 114 214 223 227 229 230 231 235 236 239 241 242 243 245 246 247 249 251 255 273 291 420 436 440 442 479 491 556 563 569 609 630 639 652
245 2428.6 3749.4 11 71 81 112 152 160 162 223 224 227 228 231 232 234 237 239 240 242 243 244 246 247 248 250 252 256 389 407 567 586 634
246 2316.2 4213.5 1 20 39 80 125 171 225 226 229 230 232 233 238 241 243 244 245 247 248 249 251 253 257 259 332 360 363 435 461 485 519 556 562 666
247 1780.8 4461.5 15 65 86 111 223 226 228 230 233 234 235 238 239 240 241 242 243 244 245 246 248 249 250 252 253 254 258 259 450 520 547 580
248 1998.7 3575.3 1 45 169 223 227 231 234 235 240 243 245 246 247 249 250 251 252 253 255 259 300 386 482 556 612 639
249 2082.4 3738.3 1 56 80 223 225 226 228 231 232 235 236 240 241 243 244 246 247 248 250 251 252 254 256 275 428 433 438 445 584
250 1852.7 4023.8 7 224 229 232 233 235 236 237 242 245 247 248 249 251 252 253 255 257 322 334 445 527 533 536 666
251 1169.9 4243.0 71 180 223 225 226 227 230 232 234 237 238 239 243 244 246 248 249 250 252 253 254 256 257 258 314 429 521 553 582 634 637 643
252 544.7 3975.9 14 25 112 133 137 146 149 175 207 210 226 231 235 238 239 244 246 247 249 250 251 253 254 255 257 259 306 443 452 478 487 491 582
253 1917.9 3809.6 1 98 192 223 227 232 233 234 235 236 239 240 245 247 248 250 251 252 254 255 256 258 306 381 446 518 533 545 576 578 642 666
254 1722.7 3978.7 35 223 224 228 233 237 240 241 244 246 249 251 252 253 255 256 257 259 271 293 340 380 558
255 1320.6 3980.2 59 79 112 125 174 183 223 224 225 229 230 231 234 236 238 241 242 243 247 248 250 252 253 254 256 257 258 299 408 431 437 446 529 553 556 568 576 624 638
256 802.7 3872.1 28 57 166 224 226 229 230 235 237 239 242 243 248 251 253 254 255 257 258 259 334 369 445 590 596 631 662
257 358.2 3374.9 5 27 58 59 83 103 147 216 223 225 227 228 231 236 239 240 243 244 249 251 252 254 255 256 258 259 261 334 415 488 496 556 575 595 619 630
258 1637.5 3882.4 1 15 223 224 226 228 232 237 241 244 245 247 250 251 253 255 256 257 259 270 297 354 395 419 423 426 448 549 578
259 1146.1 3752.4 29 47 65 112 181 223 224 225 227 228 229 233 234 235 238 240 242 245 246 247 251 252 254 256 257 258 308 323 381 399 445 483 653
260 4003.9 4064.0 1 30 39 42 85 151 163 223 261 262 263 264 265 266 267 268 270 271 272 273 274 276 278 279 280 282 283 284 286 288 289 290 292 294 295 296 297 316 464 529 666
261 3772.7 3808.4 1 68 79 90 250 257 260 262 263 264 266 268 272 277 280 281 284 285 290 292 293 295 296 433 443 446 639 648
262 3799.6 3522.2 91 100 159 223 260 261 263 264 265 267 269 273 276 278 279 282 285 286 291 294 295 296 315 413 479 481 487 556 584 591
263 4098.1 3253.7 139 260 261 262 264 265 266 268 269 270 272 274 276 277 279 283 286 287 288 292 293 295 410 436 445 490 603 666
264 4633.3 3091.7 24 52 69 143 145 250 260 261 262 263 265 266 267 269 270 271 273 275 276 280 282 284 287 288 293 294 296 313 334 355 374 547 606
265 3985.2 3897.5 172 223 226 260 262 263 264 266 267 268 270 272 276 281 284 285 288 289 290 291 294 296 330 516 603
266 3960.6 3614.5 26 45 112 128 217 221 260 261 263 264 265 267 268 269 270 271 272 273 277 282 286 289 290 295 469 521 534 551
267 4125.9 3436.6 1 26 101 103 110 112 143 215 240 262 264 265 266 268 269 270 272 274 276 277 278 280 283 287 290 291 292 296 329 586 666
268 4677.9 3245.3 5 41 62 112 137 161 260 261 263 265 266 267 269 270 271 273 274 275 279 280 284 286 287 288 291 292 315 316 330 425 427 433 442 468 526 550
269 5226.1 3405.6 40 150 152 179 197 232 261 264 266 267 268 270 271 272 274 276 280 284 285 288 289 291 292 293 305 329 334 465 495 498 508 547 556
270 4199.2 3723.1 16 38 167 219 231 260 261 262 264 265 267 268 269 271 272 273 275 277 281 284 286 290 293 294 345 445 484 521 530 556 598 649
271 4406.6 3565.3 101 119 213 223 254 263 266 268 269 270 272 273 274 276 278 281 282 283 284 287 291 294 295 296 334 414 492 547 583 603
272 4787.7 3606.8 20 37 106 176 223 260 261 263 264 265 266 267 269 270 271 273 274 275 277 278 279 281 283 284 287 288 290 292 293 294 295 296 334 362 410 455 476 488
273 5170.5 3729.5 112 115 138 242 244 260 265 268 270 271 272 274 275 276 278 280 282 284 289 292 293 296 322 389 392 423 494 526
274 5426.1 4077.3 1 33 93 104 260 261 266 268 269 271 272 273 275 276 277 279 281 285 289 290 294 295 357 495 506 528 577 601 666
275 4432.7 3749.1 76 137 223 261 262 267 270 272 273 274 276 277 278 280 282 284 286 288 290 291 295 296 320 356 425 443 511 512 544 547 556 612
276 4780.9 3649.1 26 79 123 260 262 263 264 266 268 269 271 273 274 275 277 278 279 281 282 283 287 288 292 294 296 299 383 407 430 445 455 556 581 666
277 5074.7 3801.0 47 171 213 257 260 263 264 269 272 273 274 275 276 278 279 280 282 284 288 293 296 396 404 445 462 556 653
278 5121.4 4275.0 103 147 231 260 261 264 265 270 272 273 275 276 277 279 280 281 283 285 286 289 294 334 406 437 513 591
279 4662.6 4809.5 20 44 80 88 142 146 172 192 223 260 262 265 266 269 271 274 276 277 278 280 281 282 284 286 287 290 292 295 361 514 627 647
280 4562.2 3826.6 1 66 112 154 209 222 260 261 263 266 267 268 271 272 273 275 277 278 279 281 282 283 284 285 286 287 291 292 294 296 331 396 416 445 481 580 648
281 4796.4 4076.7 1 14 112 260 264 266 267 268 272 273 276 278 279 280 282 283 284 286 288 292 293 328 405 417 454 499 532 666
282 4765.3 4340.9 30 152 169 182 190 260 261 264 265 268 269 271 274 276 277 279 280 281 283 284 285 287 289 293 324 334 365 546 623 644 660
283 4470.9 4743.7 97 182 194 201 243 262 263 266 267 269 270 275 278 280 281 282 284 285 286 288 290 294 296 347 525 526 556 569 578
284 3909.0 4783.5 3 50 52 119 214 260 263 265 267 270 271 272 275 276 277 278 279 280 281 282 283 285 286 287 289 290 291 295 296 368 378 388 423 445 598 663
285 4654.7 4000.2 14 65 82 187 221 223 230 260 264 268 271 272 277 280 282 283 284 286 287 288 289 290 292 296 334 390 425 436 492
286 4664.7 4321.0 103 157 223 260 262 263 265 268 269 272 273 277 278 280 281 283 284 285 287 288 289 291 293 296 433 465 571 638
287 4184.0 4546.0 1 112 141 162 261 266 269 270 272 273 274 279 282 284 285 286 288 289 290 292 294 434 452 576 665
288 3480.7 4443.3 1 32 115 155 184 223 230 260 262 263 264 267 269 271 274 275 276 280 281 283 285 286 287 289 290 291 293 294 295 307 323 437 666
289 3053.5 3993.6 14 78 135 235 263 268 272 275 276 281 283 284 286 287 288 290 291 292 294 296 326 339 356 415 445 454 459 468 580 593 666
290 4359.2 4271.2 79 97 155 180 202 260 264 269 270 271 272 273 276 277 282 284 285 287 288 289 291 292 293 295 445 457 483 556 615
291 4005.5 4326.4 18 86 90 135 244 260 261 265 270 274 277 278 281 283 286 288 289 290 292 293 294 296 353 445 532 565 595
292 3656.5 4237.4 167 214 221 227 239 260 261 262 266 267 268 271 273 275 278 279 280 284 285 287 289 290 291 293 294 295 334 350 384 623
293 3190.8 4037.5 31 183 223 254 261 263 266 267 272 274 276 279 280 285 288 290 291 292 294 295 296 383 633
294 3225.0 3588.4 2 43 58 74 103 112 218 220 243 260 262 264 265 268 273 276 277 280 281 286 288 289 291 292 293 295 296 568 612 666
295 4086.3 4201.3 1 78 139 260 261 263 265 269 274 278 281 282 284 287 288 290 292 293 294 296 334 370 471 508 519 529 541 594 641 666
296 3635.6 4068.7 194 223 260 261 262 264 265 266 270 271 272 275 277 279 282 283 284 288 289 291 293 294 295 402 450 502 549 556 572 622
297 6616.5 3545.7 258 260 298 299 300 301 302 303 304 305 307 308 309 310 311 313 315 316 317 319 320 321 323 325 326 327 329 331 332 333 334 556
298 6491.4 3302.8 72 100 105 112 182 278 297 299 300 301 303 305 309 314 317 318 321 322 327 329 330 332 333 343 442 445 571 587
299 6531.5 2975.9 26 208 228 255 276 297 298 300 301 302 304 306 310 313 315 316 319 322 323 328 331 332 333 334 337 340 358 359 467 480 542 559 565 581 584 637 659 660
300 6978.6 2741.2 1 206 221 223 229 297 298 299 301 302 303 305 306 307 309 311 313 316 320 323 324 325 329 330 332 375 392 444 527 661
301 7583.9 2872.0 54 112 119 131 179 223 297 298 299 300 302 303 304 305 306 307 308 310 312 313 317 319 321 324 325 330 331 333 406 478 494 523 550 571
302 6644.2 3381.9 1 34 48 92 106 170 186 271 297 299 300 301 303 304 305 307 309 313 318 321 322 325 326 327 328 331 333 383 388 422 445 468 512 562 586 640 654 666
303 6672.8 3208.6 63 297 298 300 301 302 304 305 306 307 308 309 310 314 319 323 326 327 332 334 656
304 7012.3 2976.4 23 249 299 301 302 303 305 306 307 309 311 313 314 315 317 320 324 327 328 329 333 397 427 433 437 472 482 550 556 584 622
305 7463.2 2979.6 2 13 35 64 78 186 213 269 297 298 300 302 303 304 306 307 308 310 311 312 316 317 321 323 324 325 328 329 352 374 445 561 562 622 660
306 8088.5 3327.8 10 15 139 167 253 288 298 301 303 304 305 307 308 309 311 313 317 321 322 325 326 328 329 330 334 393 465 516 553 556 584 591 611
307 6838.2 3349.5 112 145 164 183 212 223 239 287 297 298 299 301 302 304 305 306 308 309 310 312 314 318 321 323 327 330 331 363 375 383 431 481 528 544 570 572 622 628 635
308 7285.3 3137.7 18 81 112 300 303 305 306 307 309 310 311 313 315 318 319 320 321 324 328 331 332 333 334 438 509 513 542 556 600
309 7616.5 3304.5 1 154 222 297 298 300 301 302 303 304 306 307 308 310 311 312 314 315 316 318 320 321 324 325 327 329 330 331 332 333 490 556 579 598 639 666
310 7867.3 3661.3 150 297 302 305 307 308 309 311 312 313 315 317 319 321 326 329 330 333 365 429 501 534 554 658
311 7820.3 3967.8 1 44 151 178 183 297 298 303 305 306 308 309 310 312 313 314 316 318 322 326 327 330 331 332 348 404 429 463 501 543 556 632
312 7021.7 3261.9 173 244 283 298 299 304 307 309 310 311 313 314 315 317 319 321 323 325 327 328 332 333 416 419 445 521 604
313 7354.8 3299.1 1 36 40 59 67 69 99 118 137 264 297 299 300 301 303 305 306 308 310 311 312 314 315 316 318 319 320 324 325 329 331 333 334 413 509 561 604 654
314 7704.2 3589.6 29 63 65 76 96 169 223 251 297 300 301 306 309 310 311 312 313 315 316 317 319 321 325 330 333 351 354 384 469 553 639
315 7525.9 4099.4 93 100 112 227 268 279 297 298 301 302 307 309 310 312 313 314 316 317 318 320 322 323 326 331 445 473 541 603 613 628 666
316 6839.9 4347.7 1 21 64 98 131 166 169 178 223 260 268 289 297 299 302 303 306 308 311 313 314 315 317 318 319 321 323 324 327 329 332 344 367 443 468 495 547 559 569 622 664 666
317 7206.3 3621.4 41 70 75 106 125 297 298 300 303 304 305 308 309 310 312 314 315 316 318 319 320 321 322 323 324 328 329 331 333 431 446 569 621 648
318 7222.8 3742.9 211 297 301 303 304 305 309 310 313 315 316 317 319 320 321 323 325 329 365 387 403 421 437 500 520 556 557 592
319 7149.3 4120.2 21 40 91 297 298 301 302 305 306 308 311 313 314 316 317 318 320 321 322 324 326 330 336 369 445 505 642 660
320 6795.5 4295.0 1 112 199 261 299 300 303 304 306 307 312 315 317 318 319 321 322 323 325 327 331 333 334 500 554 635
321 6143.9 4281.1 44 89 223 232 237 271 297 300 302 304 307 308 309 312 313 314 315 316 317 318 319 320 322 323 324 326 327 328 332 333 334 433 445 458 662 663
322 7224.8 3722.2 112 199 297 301 305 308 309 314 317 319 320 321 323 324 325 326 327 329 333 415 447 466 527 556 564 633 638 658
323 6997.8 3895.1 1 54 59 154 194 202 207 219 228 288 297 299 300 302 305 306 309 310 314 315 317 318 320 321 322 324 325 326 328 330 379 536 666
324 6454.8 3976.7 82 298 303 306 307 309 310 311 316 319 321 322 323 325 326 327 329 331 352 375 454 526 538 629
325 5927.2 3809.0 49 64 66 67 90 229 297 299 300 301 304 306 308 311 312 313 317 318 320 322 323 324 326 327 328 330 331 332 428 440 442 446 447 489 532 556 666
326 5611.0 3337.8 1 261 289 300 305 309 312 313 318 320 321 323 324 325 327 328 329 331 333 445 466 473 542 653
327 6695.2 3782.0 19 33 71 101 174 200 223 297 301 306 307 308 309 310 313 314 319 321 322 324 325 326 328 329 330 332 334 494 520 652
328 6419.4 3858.9 204 223 246 281 297 298 302 307 311 314 315 316 318 320 323 325 326 327 329 330 331 333 427 445 543 544 567 666
329 6137.2 3675.9 6 26 112 146 193 244 267 297 298 299 303 304 305 308 310 312 315 316 317 321 322 324 326 327 328 330 331 332 365 383 485 579 631 644
330 5833.7 3286.6 1 15 69 82 86 213 258 268 292 296 298 300 303 304 309 311 313 316 317 322 325 327 328 329 331 332 333 436 469 507 605 666
331 6068.6 2854.3 8 239 280 297 299 301 302 305 310 313 314 317 318 323 325 326 328 329 330 332 333 357 369 384 409 480 607 649
332 6572.0 3760.2 4 15 145 186 297 298 300 302 306 311 315 318 319 321 324 325 327 329 330 331 333 342 365 443 490 533 556 593
333 6294.6 3431.2 36 40 87 112 194 212 242 297 298 299 301 302 303 307 308 309 312 314 316 319 320 321 325 326 328 330 331 332 393 431 445 535 603
334 9313.1 3895.1 5 9 12 19 22 24 26 33 35 40 47 48 54 55 61 68 74 75 82 86 87 89 96 100 103 110 113 117 124 126 131 138 139 145 148 152 159 165 166 173 178 179 180 187 191 194 201 204 208 210 215 217 220 222 229 230 236 241 243 250 256 257 264 269 271 272 278 282 285 292 295 297 299 303 306 308 313 320 321 327 335 336 337 338 339 340 341 342 344 345 346 347 348 350 352 353 354 355 356 357 358 360 362 363 364 365 366 368 369 370 371 373 376 377 383 386 390 392 396 397 399 404 405 411 412 418 425 427 432 438 439 446 451 453 458 460 464 467 474 477 481 482 488 489 490 495 502 503 509 516 520 523 529 530 537 542 544 551 555 558 565 568 572 579 581 582 583 586 593 594 600 607 613 614 620 621 624 628 629 633 635 642 644 646 649 656 659 663
335 9192.2 3622.4 15 109 142 223 240 294 334 336 337 338 340 342 346 351 354 355 358 359 364 366 367 369 370 436 521 556 627
336 9458.5 3339.2 2 52 112 123 227 334 335 337 338 339 341 343 347 348 350 352 353 356 359 360 365 368 369 370 408 414 461 507 515 583 662
337 9985.3 3248.5 1 194 299 327 334 335 336 338 339 340 342 343 344 346 348 350 353 357 360 361 362 366 367 369 381 385 414 451 471 564 579 647 666
338 10520.3 3524.6 5 52 96 142 334 335 336 337 339 340 341 343 344 345 347 349 350 354 356 358 361 362 367 368 370 439 461 590 602
339 9266.1 3737.6 1 11 12 80 87 136 166 317 334 336 337 338 340 341 342 344 346 350 355 358 359 362 363 364 365 368 370 385 392 443 487 523 556
340 9448.7 3492.4 39 183 223 254 334 335 337 338 339 341 342 343 344 345 346 347 351 356 360 363 364 369 381 384 445 491 549
341 9808.1 3460.1 15 137 174 175 185 198 277 334 336 338 339 340 342 343 344 346 348 350 351 352 354 357 361 364 365 366 370 399 418 445 531 572 633 666
342 10410.3 3545.2 1 96 115 119 159 223 322 334 335 337 339 340 341 343 344 345 347 348 349 353 354 358 360 361 362 365 366 389 464 524 526 537
343 10622.6 4143.2 5 50 112 139 140 163 298 327 335 338 340 341 342 344 345 346 348 350 354 358 359 362 363 365 366 367 406 426 505
344 9699.9 3667.8 1 6 39 154 334 335 336 338 339 341 342 343 345 346 347 349 351 355 358 360 364 367 368 413 469 560 575 666
345 9876.8 3727.6 106 193 337 340 342 343 344 346 347 348 350 352 355 356 357 358 361 365 368 369 370 493 604
346 10212.4 3971.7 112 197 212 334 335 337 338 339 340 341 343 344 345 347 348 349 351 352 353 355 357 358 361 362 364 366 367 368 369 370 550 556
347 10398.4 4244.1 7 11 94 223 272 334 339 342 344 345 346 348 349 350 352 354 356 358 363 366 367 370 426 445 447 537 550 561 606 614
348 10170.3 4674.0 63 144 208 311 317 334 335 340 342 343 345 346 347 349 350 351 353 355 359 363 364 368 369 556 567 575 580 584
349 9726.6 3878.2 31 37 176 215 223 294 335 336 341 344 346 347 348 350 351 352 354 356 358 360 362 364 365 369 370 371 533 621 639
350 10095.0 3909.1 86 104 112 285 334 336 337 338 340 342 343 345 347 348 349 351 352 353 355 356 357 361 362 366 368 370 396 447 449 458 483 494 523 581 586 607
351 10045.5 4248.7 1 20 49 94 109 116 314 330 334 337 338 343 346 347 348 349 350 352 353 354 356 358 362 367 370 416 466 554 586 636 666
352 9733.6 4709.8 1 18 305 314 334 335 338 339 342 344 346 347 349 350 351 353 354 355 357 359 360 363 368 445 446 565
353 8954.9 4691.5 1 30 35 61 71 94 99 212 223 291 334 336 339 340 343 345 348 350 351 352 354 355 356 358 360 361 364 366 369 384 395 556 569 573
354 9831.1 4044.5 116 195 227 258 314 334 335 337 340 341 342 345 346 347 349 351 352 353 355 356 357 358 359 360 361 365 366 368 370 445 500 506 582 583 620 666
355 9706.6 4248.5 28 38 93 125 126 162 172 213 264 334 338 340 341 342 346 347 350 352 353 354 356 357 358 360 362 366 402 453 498 555 572 578 584 596 599
356 9370.0 4581.6 14 31 95 120 153 174 223 308 334 335 338 339 342 343 345 348 350 351 353 354 355 357 358 359 361 363 367 592 604 666
357 8905.6 4569.1 112 120 197 274 336 337 340 341 343 344 349 352 354 355 356 358 359 360 362 364 368 370 442 454 477 592 656
358 8444.0 4340.6 1 92 126 128 173 206 253 288 299 334 337 339 341 344 345 346 349 350 351 352 353 354 355 356 357 359 360 361 363 364 365 369 370 371 388 432 536 610 619 666
359 9601.2 4120.1 1 31 32 97 112 168 175 299 334 338 341 342 345 346 351 354 356 357 358 360 361 362 363 364 366 370 375 416 500 506 551 578 600
360 9388.6 4407.2 71 100 112 121 141 187 200 231 246 334 336 337 339 342 343 346 347 351 352 354 355 357 358 359 361 362 363 365 367 472 473 477 519 556
361 8909.9 4265.9 18 19 55 84 94 197 279 306 335 340 343 344 346 347 348 353 356 358 359 360 362 363 364 366 368 400 412 445 456 556 600 646
362 8551.5 3932.7 8 82 208 274 334 336 337 338 341 343 345 348 349 350 354 355 357 359 360 361 363 364 365 367 368 369 459 471 517 653
363 8417.7 3348.2 72 162 213 223 246 337 342 346 349 350 355 357 358 360 361 362 364 365 366 368 370 430 452 456 486
364 9318.3 4152.2 4 23 66 77 101 112 334 338 343 344 345 346 347 350 351 356 357 358 359 361 362 363 365 366 367 369 451 531 543 557 609
365 8853.3 4037.4 1 95 232 282 310 318 329 332 334 335 339 344 348 351 352 355 357 360 362 363 364 366 367 368 370 382 462 666
366 8720.1 3912.1 26 30 86 98 223 334 335 336 337 340 341 342 345 347 349 352 353 354 358 359 361 363 364 365 367 368 369 444 473 543 655 658
367 8587.0 3488.8 103 131 134 146 189 214 233 316 319 335 337 340 341 346 348 350 353 354 359 362 364 365 366 368 369 370 445 556 598 666
368 9020.8 3083.0 20 132 150 284 334 336 338 339 342 347 350 351 354 355 360 362 363 365 366 367 369 370 402 404 418 445 651 664
369 9032.7 4027.0 60 146 256 319 330 334 335 337 339 343 348 352 355 356 358 361 362 364 366 367 368 370 410 432 446
370 8990.5 3690.7 101 136 223 334 335 336 338 339 340 344 345 346 349 351 353 356 357 358 362 363 365 367 368 369 433 543 556 589
371 11903.3 3412.9 87 112 123 149 189 203 211 334 372 373 374 375 376 377 378 379 381 382 383 384 385 387 389 390 391 393 394 395 397 399 400 401 403 405 406 407 408
372 11936.9 3189.8 1 32 112 137 146 179 371 373 374 375 377 379 383 388 391 392 395 396 401 403 404 406 407 420 557 666
373 12268.7 2929.9 1 4 57 63 167 292 302 334 371 372 374 375 376 378 380 384 387 389 390 393 396 397 402 405 406 407 419 502 633 634 646
374 12711.3 3044.2 208 264 305 371 372 373 375 376 377 379 380 381 383 385 387 390 394 397 398 399 403 404 406 498 503 514 556 601
375 13177.6 3248.1 57 94 202 278 324 371 372 373 374 376 377 378 380 381 382 384 386 387 391 393 395 398 399 404 405 407 445 555 610 651
376 12025.2 3283.5 48 117 205 334 371 373 374 375 377 378 379 381 383 387 392 394 395 396 399 400 401 402 405 407 430 469 536 552 654
377 12290.0 3219.4 34 55 68 69 89 111 137 144 223 233 334 345 371 372 374 375 376 378 379 380 381 382 383 384 388 393 397 400 401 406 528 610
378 12559.5 3099.2 1 78 112 140 212 214 223 284 373 375 376 377 379 380 381 383 385 387 388 389 391 394 398 401 402 403 407 520 578 581
379 13011.9 3491.7 1 18 30 48 85 110 152 199 223 235 371 372 374 376 377 378 380 381 382 384 385 386 390 391 395 397 398 399 402 403 426 467 483 519 543 614 623 636 666
380 13085.5 3961.9 74 84 90 254 372 375 377 378 379 381 382 383 385 387 391 395 396 399 400 402 403 404 421 445 607 622 625 666
381 12340.6 3359.1 43 225 253 255 259 340 371 372 373 375 376 378 379 380 382 383 384 386 388 392 395 397 401 404 405 415 452 556 611
382 12588.6 3399.8 27 58 66 115 133 140 365 374 377 379 380 381 383 384 385 387 389 392 393 394 395 398 402 405 406 407 445 472 640
383 12820.3 3648.8 60 90 103 125 127 153 198 201 241 277 302 334 371 372 374 375 376 377 378 380 381 382 384 385 386 388 389 390 392 394 395 396 398 399 401 403 404 405 406 407 445 458 587 610 617
384 12720.8 4120.5 41 133 223 292 314 331 340 353 371 376 379 381 382 383 385 386 387 389 391 393 395 400 403 404 407 419 433 444 532 556 566 641 653 659 661
385 12301.0 4293.5 72 112 125 130 219 316 337 339 371 372 377 379 380 382 383 384 386 387 388 390 392 396 400 401 405 406 492 503 524 572 577 597 617
386 12500.2 3412.3 1 49 180 199 211 248 262 334 372 373 378 381 383 384 385 387 388 389 391 393 395 397 399 401 402 406 407 450 557 584 593 666
387 12678.4 3711.7 64 182 188 247 318 371 373 374 375 377 379 380 382 384 385 386 388 389 390 392 393 394 398 399 403 405 407 529 556 583 634 651 666
388 12415.2 3968.2 114 160 371 374 375 380 383 384 385 386 387 389 390 391 393 395 399 404 407 501 556
389 11913.9 4302.9 41 45 108 171 214 273 281 342 371 372 375 376 381 383 384 386 387 388 390 391 392 394 396 397 400 405 438 445 540 614 624
390 11267.7 4146.3 15 72 169 199 285 334 371 373 376 377 380 382 385 387 388 389 391 392 393 395 397 398 401 403 406 461
391 12371.4 3733.9 1 44 64 112 223 311 365 371 372 374 377 378 379 382 383 384 386 388 389 390 392 393 394 395 396 397 398 402 403 405 407
392 12090.6 4004.8 26 46 112 223 323 334 339 371 375 377 378 379 383 384 387 389 390 391 393 394 395 397 399 403 425 439 441 444 503 569 633
393 11743.0 4037.0 1 68 100 164 306 333 371 372 375 376 379 380 382 383 385 387 388 390 391 392 394 395 396 398 400 404 433 435 445 666
394 11343.0 4022.5 43 306 373 374 377 378 380 381 386 389 391 392 393 395 396 397 399 401 405 407 409 458 481 593 617
395 10925.2 3681.4 114 118 163 257 258 353 371 374 376 378 381 382 383 386 387 388 389 390 391 392 393 394 396 397 398 400 401 402 406 407 529 554 556
396 12175.0 3807.0 119 151 201 255 277 331 334 362 371 375 379 382 383 388 391 393 394 395 397 398 399 400 401 403 407 438 445 464 497 587
397 11785.8 3906.5 182 220 304 331 334 371 373 374 376 379 380 383 384 388 389 391 392 394 395 396 398 399 400 402 404 465 502 513 592 594 617 658
398 11347.6 3761.9 79 81 112 144 192 223 372 377 380 381 383 384 385 390 393 395 396 397 399 400 401 403 405 500 554
399 11141.4 3148.5 3 112 134 189 212 334 341 371 373 374 375 378 380 382 385 386 387 391 392 394 396 397 398 400 401 402 404 405 406 448 451 536 662
400 11450.3 2638.2 1 70 72 119 125 152 222 317 374 379 383 386 387 392 394 395 397 398 399 401 402 403 405 407 462 513 543 556 589 666
401 11741.8 3708.8 47 60 70 105 211 218 271 327 371 373 375 380 381 382 383 384 387 388 393 395 396 398 399 400 402 403 404 406 446 462 517 546 556 594
402 11530.0 3570.4 65 87 98 115 116 197 278 296 315 355 371 372 376 381 385 388 389 392 394 397 399 400 401 403 404 405 407 448 556 646
403 11281.4 3166.8 232 282 318 341 371 372 373 377 378 379 382 384 385 386 389 390 391 395 396 398 400 401 402 404 405 406 440 445 474 478 545 555 602 620
404 11585.0 2881.9 1 6 54 198 308 334 368 372 374 377 378 383 385 387 390 391 394 396 399 401 402 403 405 406 407 412 452 473
405 12089.6 2473.0 57 63 223 261 334 371 373 375 376 379 384 387 388 391 392 397 399 400 402 403 404 406 407 520 557 566
406 11744.8 3381.9 85 112 198 278 301 304 343 371 372 374 376 380 385 389 392 393 395 398 399 401 403 404 405 407 445 469 475 666
407 11705.6 3128.1 1 147 201 245 273 276 371 372 373 375 376 377 381 382 383 386 388 390 393 394 395 399 400 402 404 405 406 417 457 465 666
408 14562.4 3723.7 47 68 109 131 255 284 336 371 409 410 411 412 413 414 415 416 418 419 420 421 422 424 426 427 428 430 431 432 434 436 437 438 440 442 443 444 534 610
409 14747.9 3640.7 41 111 113 147 209 216 223 331 382 408 410 411 412 414 416 419 420 425 428 429 432 433 438 440 441 443 444 486 537 556 606 630
410 15174.0 3479.6 41 95 142 157 165 177 207 227 263 369 408 409 411 412 413 415 417 421 424 426 427 430 433 434 439 442 443 444 445 557 642
411 15643.3 3663.9 29 44 96 112 227 257 334 408 409 410 412 413 414 416 417 418 420 422 424 427 431 434 435 436 440 441 443 484 605 638
412 15811.2 4088.0 128 161 223 257 334 349 408 409 410 411 413 414 415 417 418 419 421 423 424 428 430 432 435 436 441 442 444 457 575 586 609 641
413 14742.3 3681.2 85 112 125 344 408 410 411 412 414 415 416 418 420 424 429 432 433 436 437 438 439 442 444 497 535 556 610
414 15084.4 3591.0 1 15 52 184 188 312 336 408 409 411 412 413 415 416 417 418 419 420 421 425 430 434 437 438 443 445 601 666
415 15396.6 3720.6 20 29 38 67 230 287 322 381 410 412 413 414 416 417 418 420 422 424 425 426 428 431 435 438 439 440 444 532 575 602 605 630 661
416 15667.5 4076.9 74 104 189 215 230 351 408 409 411 413 414 415 417 418 419 421 422 423 427 428 432 434 435 436 439 440 472 515 556 586
417 15387.4 4663.8 1 21 70 78 193 272 281 409 412 414 415 416 418 419 420 422 424 428 432 433 436 437 439 440 441 445 459 472 536 570
418 14955.0 3812.2 22 69 80 164 223 280 334 408 409 410 412 413 415 416 417 419 420 421 423 425 429 432 434 438 441 442 468 514 607 666
419 15260.8 3920.2 42 223 258 343 384 411 414 416 417 418 420 421 422 424 426 429 430 431 432 435 439 442 443 444 445 457 581 624 664 666
420 15305.1 4327.6 112 171 222 309 372 408 409 411 412 413 414 415 417 418 419 421 422 423 425 426 427 429 431 432 435 436 438 440 441 442 443 444 615 617
421 14971.8 4599.2 1 15 78 117 133 145 215 318 380 408 413 416 418 419 420 422 423 424 426 428 430 432 437 440 441 444 463 464 483 499 612 666
422 14476.1 4709.7 2 7 15 75 112 153 161 202 302 408 409 414 416 417 419 420 421 423 424 425 427 429 433 437 438 442 443 474 641 654
423 15028.5 3903.6 50 216 273 284 409 410 415 418 420 421 422 424 425 426 428 430 432 434 436 438 439 443 444 463 496 512 533 556 571 603
424 15092.4 4166.3 69 78 112 153 207 408 410 411 412 414 416 417 419 421 422 423 425 426 427 429 430 431 435 436 440 442 444 445 464 510 563 595
425 14786.3 4551.6 137 224 285 334 392 408 411 412 417 420 421 422 423 424 426 427 428 430 432 436 441 444 569 596
426 14206.6 4592.4 223 243 258 347 379 382 408 409 412 413 418 420 421 423 424 425 427 428 429 431 433 434 437 442 458 556 583
427 13659.5 4335.8 14 26 50 55 109 112 179 196 244 268 334 408 410 413 414 417 419 422 424 425 426 428 429 430 432 434 435 438 440 443
428 14817.6 4153.7 1 111 116 131 172 249 371 408 409 411 414 415 416 419 420 421 423 425 426 427 429 430 431 432 433 434 435 439 440 442 444 491 512 542 626 666
429 14485.0 4282.9 81 163 310 311 408 412 414 415 416 420 421 424 426 427 428 430 431 432 434 436 440 442 548 580
430 14153.9 4396.1 1 57 105 126 140 266 276 363 376 407 408 409 412 413 416 417 419 422 424 425 427 428 429 431 432 433 435 437 441 466 512 519 546 556 595 654
431 13770.6 4201.5 9 15 33 80 113 140 223 255 410 411 414 415 417 418 423 426 428 429 430 432 433 434 436 438 442 444 445 510 557 589 615 645
432 13506.8 3694.8 87 113 119 155 200 283 334 369 372 408 411 413 415 418 419 420 423 424 425 426 427 428 429 430 431 433 434 435 437 438 439 443 444 445 529 556 625 666
433 14630.7 4201.3 22 83 141 223 231 249 268 291 304 370 375 384 393 408 412 416 419 420 425 428 430 431 432 434 435 436 437 438 440 444 500 595 599
434 14211.0 4111.0 23 99 112 113 145 177 287 291 305 408 410 411 413 416 417 419 420 421 425 426 428 429 431 432 433 435 436 437 439 441 496 609
435 13969.5 3854.4 1 205 246 409 414 417 418 420 421 422 427 430 432 433 434 436 437 438 440 442 506 526 577 666
436 13992.9 3367.7 4 72 126 154 161 228 244 263 285 330 360 408 410 411 412 415 417 419 422 423 424 428 429 431 433 434 435 437 438 439 441 442 443 549 600 610 619 660
437 14417.3 3035.1 29 92 112 135 195 288 318 407 411 416 420 423 424 429 431 432 434 435 436 438 439 440 442 444 482 491 517 556 579 640
438 14363.0 4028.3 97 161 205 208 229 334 389 396 401 408 412 417 418 419 420 421 424 425 428 430 432 433 435 436 437 439 440 441 443 445 605 631
439 14193.8 3711.3 10 12 45 57 112 169 204 279 334 338 392 408 409 413 418 422 425 426 429 431 434 436 437 438 440 441 442 444 555 556 589 632 641 643 663
440 14165.4 3473.0 33 62 215 223 244 408 409 410 414 415 416 419 421 423 426 427 428 432 433 435 437 438 439 441 442 443 606
441 14499.5 3195.3 79 107 112 154 207 385 392 409 411 414 415 420 422 424 427 428 433 436 438 439 440 442 443 444 554 591 629
442 15069.6 3007.2 1 43 94 204 214 268 298 357 408 410 412 413 416 421 424 425 428 429 434 436 437 439 440 441 443 444 461 575 609 613 639 666
443 14367.2 3737.5 1 3 45 80 95 161 261 302 316 332 339 408 409 411 413 417 422 426 429 430 432 435 436 438 440 441 442 444 477 495 547 557 633 660
444 14440.3 3541.3 20 223 408 409 410 412 413 414 418 419 420 423 425 427 430 431 432 436 437 439 441 442 443 470 556 571
445 750.3 5967.4 3 4 11 16 18 25 29 32 39 42 46 47 53 55 60 67 68 72 73 74 81 87 88 94 95 102 104 107 109 116 120 123 130 133 135 137 144 146 151 158 159 165 166 172 179 185 186 193 197 198 200 207 211 214 221 224 228 235 237 242 249 250 256 259 263 270 276 277 280 284 289 290 291 298 302 305 312 315 319 321 326 328 333 340 341 347 352 354 361 367 368 375 380 382 383 389 393 396 403 406 410 414 417 419 424 431 432 438 446 447 448 449 450 451 452 453 455 456 457 458 459 461 463 464 465 466 467 468 469 471 473 474 475 476 477 479 480 481 482 484 487 494 497 501 502 507 508 510 515 522 523 529 536 538 543 549 550 557 562 564 569 571 575 578 585 588 592 598 599 600 601 606 613 614 620 627 631 634 640 641 648 653 655 662 666
446 1121.6 5755.1 96 253 255 261 264 317 325 334 352 369 382 401 445 447 448 449 451 453 457 462 465 466 469 470 475 477 478 480 481 516
447 1545.9 5912.9 100 129 212 223 228 324 325 350 398 445 446 448 449 450 452 454 458 461 463 464 467 470 471 476 479 480 481 510
448 1775.4 6032.7 13 112 149 288 402 445 446 447 449 450 451 453 454 455 457 459 461 464 468 471 472 473 477 478 480 572
449 1839.3 6451.6 1 23 81 189 350 366 445 446 447 448 450 451 452 454 455 456 458 460 461 465 467 469 472 473 478 479 481 501 619 629 666
450 1019.0 5877.7 94 112 122 136 138 196 348 386 445 447 448 449 451 452 453 455 457 461 466 469 470 473 474 475 476 479 481 569 636 653
451 1294.8 5852.4 11 43 70 100 334 399 401 445 446 448 449 450 452 453 454 455 456 457 458 462 467 471 474 475 480 556
452 1553.0 6148.0 17 63 95 124 194 229 252 286 287 337 381 404 445 447 449 450 451 453 454 455 457 459 461 462 463 465 468 472 475 476 477 481 510 512 514 556 569 638
453 1608.4 6463.1 112 158 221 226 334 361 445 446 448 450 451 452 454 455 456 458 459 460 464 465 469 471 472 473 476 477 500 537
454 1139.2 6889.1 58 108 216 223 246 289 324 357 446 449 451 452 453 455 456 457 459 461 465 469 470 473 474 476 477 478 575 644
455 1276.9 6038.8 28 112 117 137 179 216 218 272 276 402 445 446 447 449 450 452 453 454 456 457 458 460 462 466 467 469 471 475 478 479
456 1382.7 6347.9 1 158 169 198 205 217 231 257 361 448 451 453 454 455 457 458 459 461 463 466 467 468 469 472 476 479 480 481 522 535 573 586 590 666
457 1195.4 6657.7 17 53 130 145 176 223 290 423 445 446 448 449 450 451 452 454 455 456 458 459 460 462 463 464 466 468 469 472 473 475 477 478 479 480 481 482 529 533 581 634 661
458 829.7 6849.8 68 115 201 205 254 300 334 350 383 394 445 450 453 455 456 457 459 460 461 463 465 467 469 474 477 478 481 485 503 556 626 657 666
459 262.5 6873.5 289 417 445 446 451 453 454 456 457 458 460 461 462 464 466 470 474 475 479 480 507 636
460 1226.2 6162.8 66 96 266 334 442 446 447 452 455 457 458 459 461 462 463 465 467 469 471 473 475 476 480 481 532 565 662 663
461 1194.0 6508.6 83 99 137 210 215 223 249 331 336 338 445 447 448 449 451 453 454 456 458 459 460 462 463 464 466 467 468 472 473 477 479 481 576 593 627 628
462 750.9 6613.7 111 112 204 234 365 401 445 448 449 454 457 458 459 460 461 463 464 465 467 469 473 478 481 522 571 613 617 651 663 664
463 111.5 6514.0 1 37 88 112 113 165 337 423 445 446 449 450 455 457 458 460 461 462 464 465 466 468 470 471 474 479 510 556 615 666
464 -231.0 6145.9 20 39 73 84 146 214 260 334 342 346 396 400 445 447 450 451 454 456 459 461 462 463 465 466 467 469 471 472 475 477 480 495 579 589 594
465 917.4 6443.1 10 109 173 286 445 446 448 451 452 453 456 457 458 460 462 463 464 466 467 468 469 470 471 472 476 477 479 481 550 556 641 644
466 498.6 6469.3 1 51 112 164 188 322 326 335 351 362 445 449 451 452 453 457 458 461 463 464 465 467 468 469 471 473 477 513
467 175.8 6301.9 142 143 157 209 243 251 299 316 334 339 445 446 449 450 453 454 456 459 461 462 464 465 466 468 469 470 472 474 478 626
468 -92.3 5987.5 4 116 149 223 245 316 418 447 448 451 452 454 455 460 463 465 466 467 469 470 471 473 475 479 481 511 520 543 607 628
469 -194.5 5651.8 1 15 112 114 195 237 266 330 368 376 406 445 448 450 452 455 456 457 459 460 461 462 463 464 465 466 467 468 470 471 472 474 475 476 480 481 624
470 631.7 6242.6 1 136 223 225 267 445 449 453 456 457 462 465 467 468 469 471 472 473 474 475 477 481 489 572 592 666
471 364.7 6147.5 47 69 149 186 189 223 295 325 337 362 445 447 448 450 453 454 457 458 462 463 465 466 468 469 470 472 473 474 476 478 501 570 623 629 639 666
472 170.9 5849.6 34 209 304 360 382 416 417 446 451 454 455 457 458 459 464 467 469 470 471 473 474 475 477 479 556 599 631
473 352.5 5344.9 106 127 167 170 193 277 321 326 360 366 404 445 447 448 449 452 454 456 459 460 461 465 466 468 470 471 472 474 475 476 478 479 480 492 601 626 660 662
474 1131.5 5243.8 78 117 128 137 334 403 448 453 457 460 461 466 468 469 471 472 473 475 476 477 479 481 517 575 576 587 604 622 660
475 597.5 6022.0 134 207 223 445 449 454 455 456 457 458 461 462 467 469 470 472 473 474 476 477 478 480
476 424.3 5804.0 22 51 75 96 112 119 445 446 450 455 459 462 463 466 468 471 473 474 475 477 478 479 481 493 593
477 605.5 5504.0 1 249 334 424 445 446 447 451 452 453 456 458 460 463 464 465 469 470 472 474 475 476 478 479 480 578 587 610 619 647 653 666
478 1081.5 5293.4 45 145 181 252 291 298 446 448 451 452 457 459 461 464 465 470 473 475 476 477 479 480 481 556 594 621
479 1728.6 5323.0 39 46 54 92 131 193 224 262 341 369 373 386 445 447 449 450 453 458 461 462 465 466 471 473 474 476 477 478 480 481 556 655
480 641.6 5832.5 152 299 415 445 446 448 450 454 459 463 466 467 469 472 473 475 477 478 479 481 562 621 622 666
481 871.8 5688.3 13 187 280 307 319 334 445 446 447 449 450 451 455 456 457 460 462 464 467 468 469 473 474 476 478 479 480
482 3543.9 6277.9 1 16 64 125 149 198 223 248 304 334 445 483 484 485 486 487 488 489 490 492 493 494 495 496 498 500 501 502 504 505 506 508 510 511 512 514 516 517 518 519 623 630
483 3880.7 6269.4 35 40 84 112 192 202 223 235 259 290 322 335 421 432 482 484 485 486 488 490 494 499 502 503 506 507 512 514 515 517 518 585 636
484 4162.3 6403.6 1 38 79 82 112 233 270 391 403 445 460 482 483 485 486 487 489 491 495 498 500 501 504 507 508 513 516 517 518 535 583 606 666
485 4374.1 6784.4 92 94 97 205 240 246 272 329 396 427 482 483 484 486 487 488 490 491 492 494 496 497 498 501 505 508 509 510 514 515 517 528 582 599
486 4229.6 7215.2 13 91 141 178 194 240 357 378 463 482 483 484 485 487 488 489 491 492 493 495 497 498 502 504 506 509 510 515 516 518 556 608 615
487 3635.5 6325.9 34 59 87 105 145 159 205 233 252 268 339 445 478 482 484 485 486 488 489 490 492 494 498 503 506 507 510 511 512 513 516 518
488 3967.1 6415.4 154 222 272 334 458 482 483 485 486 487 489 490 491 492 493 494 495 499 504 508 511 512 517
489 4177.1 6767.2 12 66 80 90 112 167 223 323 325 334 470 484 486 487 488 490 491 492 494 496 498 499 500 502 505 509 512 513 514 518 645 647
490 3937.1 7201.7 76 97 112 158 218 263 309 332 334 397 482 483 485 487 488 489 491 492 493 495 496 497 501 502 506 508 509 510 513 514 537 578 658
491 3315.0 7393.1 1 21 24 167 206 244 252 271 340 428 473 483 486 488 489 490 492 493 494 496 498 502 506 507 510 511 513 514 515 549 556 651 666
492 3720.4 6615.1 145 154 385 482 483 484 486 487 489 490 491 493 494 495 497 499 500 503 506 508 512 515 516 539 548 560 577 646
493 3782.5 6845.8 83 100 126 151 183 199 345 418 476 485 488 490 491 492 494 495 496 498 500 503 504 505 506 509 513 516 517 518 556
494 3565.3 7150.4 32 56 58 113 445 482 483 485 486 487 488 489 491 492 493 495 496 497 499 500 501 503 505 506 509 510 512 514 515 516 517 518 556 560 653
495 3042.3 7214.6 1 22 122 269 274 303 334 395 430 464 482 487 490 492 493 494 496 497 498 500 502 504 506 511 514 515 518 520 604 617 636 637
496 2587.9 7143.0 21 87 112 212 223 232 257 417 423 434 438 482 483 488 490 491 493 494 495 497 498 499 501 503 507 511 512 516 517 564
497 3674.4 6749.5 1 89 112 174 203 220 396 445 483 484 489 492 494 495 496 498 499 500 502 504 506 508 510 512 513 517 518 561 666
498 3488.5 6926.1 1 77 345 355 374 384 482 484 485 486 488 490 491 493 495 496 497 499 500 501 503 504 505 509 510 514 516 518 523 608 666
499 3036.7 6963.0 186 313 352 371 378 465 482 485 486 491 494 495 496 497 498 500 501 502 504 506 510 515 518 615 656
500 2596.9 6812.5 177 292 320 354 398 453 477 482 483 486 487 492 494 495 497 498 499 501 502 503 505 507 508 511 516 556
501 2368.5 6221.0 48 183 310 345 388 395 410 445 482 484 487 488 491 493 496 498 499 500 502 503 504 506 508 509 512 514 517 643
502 3274.9 6686.6 10 63 112 223 296 328 334 397 482 483 485 488 489 490 493 494 495 497 499 500 501 503 504 505 506 507 508 509 513 514 516 518
503 2982.4 6797.0 124 183 223 334 359 374 385 392 458 482 486 488 489 490 494 495 498 500 501 502 504 505 506 508 510 514 550 614 627 636
504 2689.5 6460.7 1 112 130 137 179 482 483 486 487 490 491 493 496 498 499 501 502 503 505 506 507 509 511 515 530 547 556
505 2596.3 6148.4 1 8 20 44 82 154 184 319 343 484 485 488 489 491 492 497 500 502 503 504 506 507 508 510 512 516 518 557 562 666
506 2873.9 5695.1 66 76 99 112 159 194 229 274 359 384 435 482 485 487 489 492 493 494 497 498 499 500 501 502 503 504 505 507 508 509 511 512 513 517 518 661
507 3187.7 6733.4 8 128 324 330 336 445 459 482 486 490 493 494 499 502 504 505 506 508 509 510 511 512 514 518 556 583
508 2847.5 6491.3 1 212 269 295 445 482 484 485 487 490 491 494 495 499 500 502 503 505 506 507 509 510 511 513 515 545 547 571
509 2968.2 6003.2 39 84 192 223 284 308 334 401 418 483 488 491 492 494 495 496 501 504 506 507 508 510 511 512 514 516 585 633
510 3417.0 5825.0 26 97 101 109 153 223 408 431 445 447 452 482 484 485 486 489 491 493 496 497 498 502 503 505 507 508 509 511 512 513 515 516 517 583 612 623 666
511 4111.6 5786.5 112 159 177 275 294 310 351 468 485 490 494 497 498 503 505 506 508 509 510 512 513 514 516 518 620 641 649 662 666
512 3183.9 6406.9 1 70 133 171 189 275 302 423 428 446 482 486 491 492 493 494 495 498 499 504 506 507 509 510 511 513 514 515 517 573 578 666
513 3273.1 6031.5 148 235 278 308 387 397 400 450 466 482 483 487 492 496 499 500 503 505 508 510 511 512 514 515 516 518 555
514 3515.3 5935.6 194 209 418 482 483 484 488 489 490 493 495 497 500 501 502 506 507 509 511 512 513 515 516 517 556 604
515 4057.2 5856.8 93 112 184 291 445 483 485 488 489 494 496 498 501 502 505 507 510 512 513 514 516 517 518 559
516 4662.1 6109.7 79 89 141 168 212 265 309 334 433 446 482 484 486 487 490 495 498 499 502 503 508 510 511 513 514 515 517 518
517 3386.3 6179.1 10 57 99 223 283 362 381 401 437 474 482 483 485 487 491 496 500 503 504 506 509 510 512 514 515 516 518 556 623 651
518 3734.2 6084.7 4 42 59 65 109 112 253 277 482 483 484 486 487 488 492 493 494 497 499 501 504 505 506 510 511 513 515 516 517 625
519 6243.3 5888.4 1 6 29 177 360 379 482 520 521 522 523 524 525 526 527 529 530 531 532 533 535 537 538 539 541 542 543 545 547 548 549 551 553 554 555 556 560 565 623 637 666
520 6521.9 5988.6 63 107 220 227 247 306 318 323 327 334 378 468 519 521 522 523 525 527 531 536 539 540 543 544 549 551 552 554 555
521 6860.9 6286.5 1 54 270 312 335 411 443 519 520 522 523 524 526 528 532 535 537 538 541 544 545 550 553 554 555 556
522 6713.3 6569.2 80 120 210 223 445 519 520 521 523 524 525 527 528 529 531 533 535 538 542 545 546 547 551 552 554 643
523 6390.8 6838.2 192 296 301 334 350 402 445 487 498 501 517 519 520 521 522 524 525 526 528 529 530 532 534 535 539 541 543 546 547 550 552 553 555 629 666
524 6414.7 5971.1 44 189 196 201 223 386 519 521 522 523 525 526 527 529 531 535 537 540 543 544 547 548 549 550 553 555 626
525 6561.3 6255.4 79 112 140 283 285 519 520 522 523 524 526 527 528 529 530 531 532 536 541 545 548 549 554 556 650
526 6669.5 6393.7 1 140 148 179 211 268 273 324 342 360 521 523 524 525 527 528 529 531 533 535 536 537 539 542 546 549 550 551 555 646 666
527 6202.7 6854.8 32 57 72 108 197 300 519 520 522 524 525 526 528 529 530 532 533 534 538 539 543 545 546 547 550 551 574 609 658
528 5568.4 6877.3 1 102 112 274 307 377 485 520 523 525 526 527 529 530 531 533 535 539 543 544 547 548 550 551 552 556 572 585 592 654
529 6372.2 6181.7 130 191 260 334 387 445 519 520 521 523 524 526 527 528 530 531 532 534 536 540 543 545 549 552 553
530 6237.6 6528.3 69 121 270 334 408 522 525 527 528 529 531 532 533 535 537 540 541 542 543 546 550 553 554 555 556 601
531 5818.8 6649.1 69 169 223 341 377 459 519 520 522 523 524 525 526 528 529 530 532 533 534 536 537 538 539 540 542 543 546 547 549 551 552 553 554 555 604 636
532 5384.9 6558.9 57 112 127 182 207 325 384 460 481 519 524 527 529 530 531 533 534 535 537 539 541 543 548 551 552 555 578 638
533 4900.4 6406.0 1 62 117 144 176 223 250 253 294 332 376 423 451 457 469 519 520 525 527 528 530 531 532 534 535 536 538 540 544 548 549 553 554 590 593 651 666
534 6166.3 6358.4 1 8 28 86 132 191 266 310 408 520 521 526 529 531 532 533 535 536 537 539 541 543 545 547 549 550 554 555 635 655
535 5897.7 6419.9 24 42 55 85 111 223 309 484 519 521 522 523 525 527 528 530 532 533 534 536 537 538 540 541 542 546 547 551 553 555 556
536 5484.2 6487.2 2 47 88 116 168 250 323 376 399 413 445 519 522 523 528 531 532 533 534 535 537 538 539 541 543 547 552 555 623 666
537 5158.7 6078.0 77 98 185 187 223 235 334 342 409 453 490 519 520 523 524 529 531 532 534 535 536 538 539 540 542 544 545 548 553 580
538 5116.8 5441.1 106 125 220 223 445 519 521 524 525 528 530 533 535 536 537 539 540 541 543 545 546 549 551 554 581 649
539 5804.1 6354.5 26 99 112 168 183 195 236 308 519 520 522 525 526 527 530 531 532 534 536 537 538 540 541 542 543 544 545 546 550 551 553 555 590 594 615 650
540 5598.8 6222.3 1 70 120 193 199 205 357 389 436 517 519 523 525 526 527 531 532 535 537 538 539 541 542 543 545 547 551 587 592 604 636 666
541 5325.8 5887.5 112 145 216 230 295 315 339 359 519 520 523 524 527 528 530 533 535 536 538 539 540 542 543 544 546 548 552 607
542 5431.3 5612.8 60 166 191 299 326 334 428 448 521 522 525 526 528 529 534 537 539 540 541 543 544 545 547 549 553 555 556 613 666
543 5887.9 5260.3 4 62 266 311 366 379 393 400 445 519 522 524 526 529 530 531 534 535 536 537 538 539 540 541 542 544 545 546 548 549 550 554 555 556 626
544 5683.7 6087.6 97 112 153 193 212 275 307 328 334 341 519 523 527 530 531 536 539 541 542 543 545 546 547 548 549 551 555 650
545 5564.3 5935.4 4 16 66 155 199 223 300 427 454 508 519 521 522 524 527 528 531 532 536 537 539 540 542 543 544 546 547 548 550 552
546 5809.9 5598.6 60 95 112 163 426 430 491 520 525 528 529 531 532 533 538 541 543 544 545 547 548 549 551 553 622
547 6366.2 5429.0 1 28 45 207 230 264 269 271 275 283 303 443 504 508 519 521 522 523 526 528 530 533 534 535 539 540 542 544 545 546 548 549 550 552 553 554 566 587 596 666
548 7136.0 5537.7 46 72 112 207 223 361 429 522 527 531 534 535 540 542 543 545 546 547 549 550 551 553 555 602 635 641 654
549 5915.3 5891.5 28 61 81 193 208 220 258 330 335 340 341 353 436 445 491 519 523 528 529 530 531 532 535 536 541 543 544 546 547 548 550 551 552 554 556 590 649 666
550 6081.8 5595.2 21 25 123 125 236 347 413 445 451 503 519 520 524 529 533 536 537 540 542 545 547 548 549 551 552 553 555
551 6400.0 5465.8 16 217 242 266 334 437 514 519 520 521 525 526 527 530 532 534 537 538 539 543 544 546 548 549 550 552 553 554 600 630
552 6924.5 5673.6 93 221 223 520 522 525 526 531 533 535 538 539 544 547 549 550 551 553 554 555 574
553 7375.2 5962.7 26 112 145 187 205 251 255 314 519 521 523 524 527 532 535 536 539 540 545 547 548 550 551 552 554 555 643
554 6119.6 5852.5 1 22 104 112 174 351 398 519 520 522 524 528 533 537 540 541 543 546 547 549 551 552 553 555 604 666
555 6491.9 5654.0 9 67 183 206 334 355 403 439 519 520 521 523 524 525 529 530 531 534 536 538 541 542 543 547 548 550 552 553 554 642 658
556 8910.3 6400.7 3 10 17 23 24 29 31 36 38 43 45 49 52 59 60 62 66 73 75 80 83 87 88 91 94 101 108 114 115 122 127 129 136 140 143 150 153 157 164 166 171 178 179 184 185 192 199 205 206 213 215 218 220 227 231 234 241 244 246 248 255 257 262 269 270 275 276 277 283 290 296 297 304 306 308 309 311 318 322 325 332 335 339 346 348 353 360 361 367 370 374 381 384 387 388 395 400 401 402 409 413 416 423 426 430 432 437 439 444 451 452 458 463 465 472 478 479 486 491 493 494 500 504 507 514 517 519 521 525 528 530 535 542 543 549 557 558 559 560 561 562 563 564 566 567 568 569 570 572 574 575 576 577 578 579 580 582 584 585 586 587 588 590 591 592 593 595 598 605 608 612 618 619 621 626 633 634 640 647 649 654 658 660 661
557 9150.5 6479.1 30 216 318 364 386 405 410 445 505 556 558 559 560 562 564 568 573 576 577 580 581 586 588 589 591 592 619 620 636 656
558 9234.3 6780.6 4 108 146 188 192 239 254 293 298 334 556 557 559 560 561 563 565 569 572 574 575 578 581 582 587 590 591 592 625
559 9011.8 7096.3 1 142 161 169 178 223 243 556 557 558 560 561 562 564 565 566 568 570 572 575 579 582 583 584 588 589 590 591 644 661 664
560 8658.8 7423.0 1 112 239 344 492 494 519 556 557 558 559 561 562 563 565 566 567 569 571 572 576 578 580 583 584 589 590 592 608 617 637
561 9023.6 6612.8 1 125 144 156 223 233 281 305 313 458 497 556 558 559 560 562 563 564 566 568 572 577 580 581 584 585 586 587 590 592 627 639 666
562 9083.6 6798.8 91 205 246 289 302 305 445 446 480 505 556 557 559 560 561 563 564 565 566 567 568 569 573 578 582 585 586 591 629 666
563 9005.0 6934.3 300 406 424 529 556 558 560 561 562 564 565 566 568 570 572 573 574 576 579 580 583 586 587 588 592 603 618 621 639 644 651 661
564 8452.8 7296.1 1 95 186 206 223 322 337 364 388 445 496 554 556 557 559 561 562 563 565 566 567 569 570 571 575 576 580 582 583 584 587 588 610 611 615
565 7741.3 7003.6 31 80 227 291 299 334 352 547 557 560 562 563 564 566 567 568 570 572 576 580 581 584 585 587 588 589 627
566 8776.6 6773.8 1 63 76 223 228 252 368 459 555 556 557 558 560 561 563 564 565 567 568 569 571 573 577 580 582 586 589 590 622
567 8622.8 6986.4 112 127 134 241 245 328 381 407 559 562 564 565 566 568 569 570 572 574 577 578 579 580 583 587 590 591 592
568 8201.6 6922.3 1 69 225 230 233 294 334 367 399 556 557 559 560 561 562 563 565 566 567 569 570 571 573 574 575 577 579 580 581 583 584 586 588 589 590 591 592 615 659 666
569 7774.0 6820.4 6 17 27 117 155 190 238 244 262 316 346 353 392 445 556 561 564 566 567 568 570 571 572 574 576 578 580 585 588 589 592
570 7456.6 6412.0 84 90 307 313 337 413 417 556 557 562 564 565 567 568 569 571 572 573 575 577 581 585 586 590 591 656
571 8628.3 6688.2 43 167 298 301 324 327 399 424 444 445 462 557 558 563 566 568 569 570 572 573 574 576 578 580 582 584 586 587 591 592 661
572 8295.6 6873.9 2 68 118 225 226 227 272 296 334 337 341 355 385 448 470 528 546 556 558 559 560 562 564 565 567 569 570 571 573 574 575 577 578 579 583 584 588 590 592
573 7932.9 6721.0 1 90 101 135 146 156 183 223 353 426 456 512 556 559 560 565 568 569 570 571 572 574 575 576 578 580 584 589 592 666
574 7856.7 6219.9 6 75 92 112 223 489 527 556 557 560 561 566 568 569 571 572 573 575 576 577 579 581 582 585 590 612
575 8063.0 5753.3 1 23 27 39 103 121 137 163 238 257 273 348 412 415 445 454 556 558 561 562 565 567 570 572 573 574 576 577 578 580 582 583 586 588 591 606 638 666
576 8431.5 6577.4 147 253 287 461 474 556 557 559 561 562 563 564 567 568 569 571 573 574 575 577 578 579 580 581 582 583 587 588 590 592
577 8092.7 6478.7 55 73 112 150 155 274 492 513 556 560 562 563 564 568 569 572 574 575 576 578 579 580 582 584 588 606 609 624 627 649 666
578 8077.0 6087.5 206 253 258 283 378 445 463 477 490 556 557 560 561 564 565 567 570 572 573 575 576 577 579 580 581 583 585 589 646
579 8401.4 5877.8 4 24 27 39 76 116 118 228 329 334 337 437 464 558 559 562 563 565 566 571 574 576 577 578 580 581 582 584 586 590 592
580 8838.6 5575.7 51 105 112 192 223 247 272 289 303 348 397 556 559 561 563 566 567 568 571 572 573 574 575 576 577 578 579 581 582 583 585 586 587 591 592
581 8330.2 6455.6 88 112 114 160 240 276 287 320 334 371 378 388 419 457 507 538 556 560 564 567 568 573 576 578 579 580 582 583 584 585 586 588 592 663
582 8353.5 6236.5 1 55 80 251 252 314 334 354 453 485 556 558 559 561 564 565 568 569 573 574 576 577 579 580 581 583 584 585 587 589 666
583 8639.1 5826.3 58 114 271 334 336 350 426 433 484 507 510 557 562 565 566 568 569 570 575 578 580 581 582 584 585 586 588 590 616
584 9253.9 5949.1 10 83 114 121 153 218 232 249 262 304 342 348 556 558 559 560 563 565 567 570 571 572 576 577 579 581 582 583 585 586 587 589 590 591 603 653
585 9936.6 6267.7 46 58 126 147 412 445 451 483 528 559 564 568 571 572 577 579 580 582 583 584 586 587 588 590 592 593
586 8553.7 6261.3 1 59 87 245 334 350 351 365 412 424 556 560 565 566 567 568 569 572 573 578 580 581 583 584 585 587 588 589 591 660
587 8875.7 5988.2 21 107 145 162 180 205 223 279 474 540 556 557 561 566 570 573 574 577 579 582 584 585 586 588 589 590 592 604
588 9237.0 6002.5 21 112 114 119 149 230 305 445 452 556 557 558 562 563 564 567 569 571 574 575 576 580 581 583 585 586 587 589 590 591 623 654 665 666
589 9722.1 6346.0 1 94 156 172 206 370 400 431 439 464 557 559 562 563 568 570 572 575 576 581 584 586 587 588 590 591 592 666
590 9855.7 6797.5 1 2 74 145 152 172 186 187 206 242 256 456 539 556 558 560 561 564 569 572 573 576 577 582 584 585 587 588 589 591 592 594 643
591 8819.5 6242.2 40 47 224 255 278 371 556 557 559 561 565 570 574 577 578 580 583 584 586 588 589 590 592 637
592 9229.4 6292.9 37 40 71 356 357 397 445 470 528 540 556 557 558 560 561 562 566 567 568 571 573 575 578 579 580 584 585 587 589 590 591 633
593 11611.3 5987.2 33 47 112 134 148 149 203 300 334 386 414 461 476 533 556 594 595 596 597 598 599 600 601 603 604 605 606 607 609 611 612 613 615 616 617 619 621 622 623 625 627 628 629 630 650
594 11709.3 6267.1 15 92 100 136 223 295 334 397 401 464 478 495 539 590 593 595 596 597 599 601 605 610 612 613 614 617 618 623 625 626 628 629
595 11666.5 6480.3 20 112 223 257 269 325 424 430 433 457 556 593 594 596 597 598 600 602 606 609 611 612 615 618 619 624 625 627 628 629 634
596 11283.9 6843.3 1 27 119 256 355 383 425 514 547 593 594 595 597 598 599 601 602 603 605 607 609 612 616 619 620 621 625 626 628 666
597 10886.3 6919.5 14 202 329 593 594 595 596 598 599 600 602 603 604 606 608 609 613 615 617 620 621 626 627 629 646
598 11584.7 6173.0 94 172 201 270 284 309 445 556 593 595 596 597 599 600 601 603 605 609 614 617 618 621 622 623 624 627 629
599 11553.1 6453.7 1 33 106 176 181 199 315 355 445 472 473 525 533 593 594 596 597 598 600 601 602 603 604 605 606 610 615 619 622 623 628
600 11402.6 6702.1 155 223 308 320 334 359 361 434 436 445 551 595 597 598 599 601 602 603 605 607 609 610 611 613 616 620 623 624 625 629
601 10869.5 6726.8 183 223 227 261 274 374 414 445 473 483 530 573 581 593 594 596 598 599 600 602 603 604 606 607 608 612 613 617 619 620 621 624 625 648 656 666
602 10179.8 6411.8 112 134 159 249 338 403 415 548 584 594 597 599 600 601 603 604 605 607 609 613 617 618 621 622 624 625 626
603 11261.9 6251.0 1 108 127 265 271 332 435 503 563 593 594 595 597 598 600 601 602 604 605 606 608 610 614 617 618 619 623 626 627 635 644 659 666
604 11118.1 6429.4 86 103 187 312 345 453 514 540 587 596 599 601 602 603 605 606 607 609 611 614 615 616 617 620 624 627 628 629 666
605 10728.4 6458.0 7 14 18 121 143 185 188 189 330 411 415 556 593 594 596 597 598 599 600 602 603 604 606 607 608 610 611 612 614 616 617 620 621 623 625 626 627 628 629 637
606 10365.6 6121.5 24 51 95 111 112 145 237 347 409 445 484 575 577 593 598 601 603 604 605 607 608 609 611 613 615 617 622 625 626 629
607 10292.3 5737.7 10 150 183 263 333 334 380 418 468 541 593 594 599 601 602 604 605 606 608 609 610 612 614 618 622 623 627 628
608 11135.8 6294.8 112 223 431 498 556 560 594 595 600 603 605 606 607 609 610 611 613 615 617 619 621 623 624 628 629
609 10852.2 6380.0 65 112 115 244 252 265 364 366 378 412 434 442 577 593 595 596 597 599 601 602 604 606 607 608 610 611 612 614 615 616 620 621 625 627 629 632 635 654
610 10479.9 6020.8 1 15 55 89 144 146 161 227 233 239 375 377 408 413 426 436 438 477 501 564 593 596 597 602 605 606 607 608 609 611 612 613 615 617 621 626 629 666
611 10583.9 5543.8 107 178 239 351 381 563 564 593 594 597 598 603 605 606 608 609 610 612 613 614 616 618 619 622 627
612 11220.1 5214.1 1 11 48 89 248 294 421 556 574 593 595 598 599 602 604 607 609 610 611 613 614 615 617 619 620 623 625 628
613 11012.7 6096.8 33 154 177 223 307 334 442 445 462 542 593 594 596 599 600 601 604 605 606 608 610 611 612 614 615 616 617 618 619 620 624 625 627 629
614 10753.1 5855.9 79 267 334 347 379 389 445 503 533 593 597 599 600 601 605 606 609 611 612 613 615 616 617 619 621 625 661 664 666
615 11017.0 5538.8 98 223 290 298 352 420 431 441 486 539 564 568 593 594 597 598 601 602 604 607 609 610 612 613 614 616 617 618 620 622 626
616 11337.9 5370.0 112 190 352 414 532 595 596 598 599 600 602 603 608 611 613 614 615 617 618 619 621 623 627 629 666
617 11923.0 5274.7 1 22 74 349 383 385 397 420 423 435 462 560 593 596 598 600 603 604 605 608 609 610 611 612 613 614 615 616 618 619 620 622 623 624 628 629 666
618 11000.6 5870.4 163 473 489 499 556 563 593 597 601 604 605 610 613 615 616 617 619 620 621 622 623 625 629
619 11058.8 5607.3 99 112 136 158 174 198 208 243 276 301 358 389 408 409 436 477 528 556 568 593 595 596 598 601 602 605 606 610 611 613 614 616 617 618 620 621 622 624 626
620 11545.4 5571.7 21 70 79 334 354 445 565 594 599 602 603 605 606 607 612 615 617 618 619 621 622 623 625 627
621 12121.9 5662.0 1 51 72 134 334 556 563 578 588 593 595 596 597 600 602 604 607 608 609 613 614 616 618 619 620 622 623 624 626 627 628 656 657
622 12631.2 6209.6 12 49 109 161 162 223 296 305 307 316 380 414 480 546 596 601 605 608 609 614 616 617 619 620 621 623 624 625 627 629
623 11356.9 5806.6 29 89 112 175 183 278 282 336 471 482 510 517 588 593 597 602 603 604 605 606 609 610 615 617 618 620 621 622 624 625 626 628
624 11624.1 5677.5 1 33 129 164 196 216 255 285 334 389 419 496 577 593 594 598 603 607 610 611 614 616 619 621 622 623 625 626 627 629 666
625 11992.5 5835.2 1 28 101 131 200 242 380 432 518 558 581 593 594 595 599 600 601 604 606 608 611 612 613 617 618 620 622 623 624 626 627 628
626 12415.3 6058.6 52 140 151 223 325 524 543 556 594 596 599 600 605 607 609 612 613 618 621 623 624 625 627 628 629 635
627 12249.9 6693.3 79 87 136 172 230 279 335 445 461 479 565 593 595 597 598 601 606 609 610 613 614 619 621 622 624 625 626 628 629 666
628 11541.6 5790.5 49 160 303 307 334 425 468 582 593 594 596 598 602 607 611 614 615 617 620 621 622 623 625 626 627 629
629 11985.4 5974.0 223 226 308 324 328 334 523 569 593 594 595 597 598 599 603 604 605 608 610 612 615 616 617 621 622 624 626 627 628
630 14217.7 6584.4 40 47 111 112 244 257 409 415 551 593 629 631 632 633 634 635 636 637 638 640 641 642 643 644 646 648 649 650 652 653 654 656 658 659 660 662 664 665 666
631 14228.3 6769.9 1 68 109 130 183 256 329 433 438 445 472 493 576 591 630 632 633 634 636 638 642 647 650 651 654 655 660 662 663 665 666
632 14063.1 7056.0 112 113 215 311 332 439 521 609 630 631 633 634 635 637 639 643 646 648 649 652 655 656 661 664 665 666
633 13620.8 7160.9 31 44 53 80 334 392 443 556 592 630 631 632 634 635 636 638 639 640 641 642 644 646 649 653 656 657 658 662 663 665
634 13003.0 7107.5 3 17 19 70 117 245 358 373 387 445 556 630 631 632 633 635 636 637 639 640 641 643 645 646 650 652 654 657 658 663 664 666
635 14015.4 6693.0 12 125 215 222 307 321 334 534 603 630 632 633 634 636 637 638 640 642 646 651 654 655 658 659 660 661 664 666
636 14103.0 6808.9 21 117 223 325 450 459 495 503 557 630 631 633 634 635 637 638 639 640 641 642 643 647 652 656 659 660 665
637 13629.4 7072.6 22 100 112 135 251 275 294 299 308 326 495 519 562 591 632 634 635 636 638 639 640 642 644 646 647 648 650 653 657 660 661 662 666
638 13157.2 6922.5 1 155 159 251 255 286 322 411 546 566 575 630 631 633 635 636 637 639 640 641 643 644 645 649 650 654 656 657 658 661 662 666
639 12746.4 6472.9 8 9 22 52 112 223 244 248 261 309 314 349 442 471 561 631 634 636 637 638 640 641 642 644 646 647 650 654 655 658 659 661 662 663
640 13800.5 6739.3 254 296 302 382 405 437 445 455 556 615 630 631 632 634 635 637 638 639 641 642 643 645 647 651 654 656 660 663 664 666
641 13540.1 6807.2 59 92 105 123 157 180 188 384 410 422 445 465 467 526 633 636 638 639 640 642 643 644 646 648 651 652 653 654 657 661 664 665 666
642 13224.6 6553.7 99 128 138 253 319 334 410 519 630 631 633 634 635 636 637 639 640 641 643 644 645 647 648 649 651 653 654 657 658 660 662 663 664 665 666
643 12966.7 6316.3 2 79 96 99 168 223 501 521 522 553 561 630 635 638 640 641 642 644 645 646 648 650 652 654 659 662 663 666
644 13021.7 5883.0 63 112 155 167 329 334 465 559 563 603 630 631 636 638 639 641 642 643 645 646 647 649 651 655 659 660 664 665
645 13585.5 6604.1 1 112 118 152 191 306 400 631 632 637 639 640 642 643 644 646 647 648 650 652 654 656 658 660 661 665 666
646 13426.7 6510.8 332 334 337 361 373 426 492 578 597 600 630 632 633 634 636 638 639 641 643 644 645 647 648 649 651 652 653 657 658 662 664 666
647 13207.5 6247.6 123 279 393 477 556 571 630 633 634 639 642 643 644 645 646 648 649 650 652 654 658 663 666
648 13542.0 5762.7 7 34 137 261 317 445 467 595 601 630 631 634 635 640 642 643 645 646 647 649 650 651 653 655 656 659 664
649 14223.5 5598.6 70 115 141 216 236 252 270 331 334 335 362 413 424 549 556 577 595 630 632 635 636 639 641 644 646 647 648 650 651 652 654 656 657 660 662 665
650 13545.9 6341.6 150 181 203 223 326 525 539 581 593 624 630 631 633 636 637 638 641 642 643 645 647 648 649 651 652 653 654 655 656 657 661 662 664 666
651 13530.8 6161.0 1 36 88 105 112 173 331 343 368 387 413 462 630 634 636 637 638 642 643 646 648 649 650 652 653 654 656 658 662
652 13817.5 5975.1 1 13 154 172 181 188 223 226 239 244 327 419 630 631 634 635 638 639 641 644 646 647 649 650 651 653 654 655 657 659 663 666
653 14232.8 5758.6 119 152 201 259 277 302 384 445 450 494 613 632 633 636 637 639 640 645 648 650 651 652 654 655 656 658 660 664 666
654 14798.3 5855.2 89 313 377 422 430 556 609 630 633 635 637 640 641 642 645 646 647 648 649 650 651 652 653 655 656 657 659 660 661 665 666
655 13739.6 6313.3 82 102 117 226 366 418 445 452 479 630 634 638 641 642 647 650 652 653 654 656 657 658 659 660 662 666
656 13998.4 6096.7 199 225 303 317 334 557 601 621 630 632 633 635 638 639 642 643 647 648 649 650 651 653 654 655 657 658 659 661 663
657 14399.5 5996.4 128 223 338 602 631 636 639 640 642 643 644 649 652 654 655 656 658 659 660 662 664
658 14975.5 6289.4 11 14 25 112 153 156 203 252 259 322 363 397 490 527 555 556 630 632 633 634 637 639 641 644 645 646 650 651 653 655 656 657 659 660 661 663 664 665
659 15085.1 6923.7 1 81 86 135 154 180 334 384 429 568 633 638 642 645 646 651 653 654 656 657 658 660 661 662 664 666
660 14138.2 6321.8 44 138 142 282 299 305 319 337 434 436 443 448 474 552 556 586 630 634 639 640 641 642 643 646 647 652 654 655 657 658 659 661 662 663 665
661 14467.0 6349.9 11 57 63 211 234 236 300 384 397 415 506 556 614 630 631 635 640 644 647 648 651 653 656 658 659 660 662 663 664 666
662 14650.9 6461.0 20 138 256 321 445 460 473 630 631 632 636 637 638 641 643 645 648 649 650 654 655 657 659 660 661 663 664 665
663 14878.1 6816.6 107 180 192 237 284 321 334 439 460 462 468 581 631 633 636 637 642 644 646 649 650 655 658 660 661 662 664 665 666
664 14547.8 7291.6 1 44 76 223 224 316 368 436 527 559 564 630 632 634 635 638 643 646 647 650 651 656 658 659 661 662 663 665 666
665 14305.5 6361.2 98 112 148 161 219 223 338 501 588 630 631 633 635 639 644 648 651 652 654 657 658 660 662 663 664 666
666 14529.4 6604.8 1 3 8 15 16 22 29 35 36 42 43 46 50 55 57 64 68 71 77 78 81 85 92 94 99 106 107 108 113 120 127 133 134 139 141 146 148 155 159 162 169 170 172 176 183 185 190 197 198 201 204 211 218 224 225 232 237 239 246 250 253 260 263 267 274 276 281 288 289 294 295 302 309 315 316 323 325 328 330 337 341 344 351 354 356 358 365 367 372 379 380 385 386 387 393 400 406 407 414 418 419 421 428 432 435 442 445 449 456 458 463 470 471 477 480 484 491 497 498 505 510 511 512 519 523 526 533 536 540 542 547 549 554 561 562 568 573 575 582 588 589 596 601 603 604 610 614 616 617 624 627 630 631 632 634 635 636 638 640 641 642 645 647 649 652 653 654 655 658 659 661 663 664 665
