1 295.0 150.0 2 3 4 9 12 25 49
2 282.3 185.0 1 3 4 5 10 19
3 247.5 210.6 2 4 5 6 11 37
4 200.0 220.0 3 5 6 7 12 20
5 152.5 210.6 1 4 6 7 8 55
6 117.7 185.0 2 5 7 8 9 13
7 105.0 150.0 3 6 8 9 10 51 52
8 117.7 115.0 4 7 9 10 11 28
9 152.5 89.4 5 8 10 11 12 63
10 200.0 80.0 1 6 9 11 12 43
11 247.5 89.4 1 2 7 10 12 65
12 282.3 115.0 1 2 3 8 11 18 72
13 733.1 133.9 6 14 15 16 21 24 30
14 711.2 166.3 13 15 16 17 22 38 62
15 670.2 186.4 14 16 17 18 23 27
16 621.1 188.6 15 17 18 19 24 35
17 577.1 172.5 13 16 18 19 20 41
18 549.9 142.3 12 14 17 19 20 21 50
19 546.9 106.1 15 18 20 21 22 58
20 568.8 73.7 4 16 19 21 22 23 64
21 609.8 53.6 17 20 22 23 24 25
22 658.9 51.4 13 18 21 23 24 55
23 702.9 67.5 13 14 19 22 24 71
24 730.1 97.7 13 14 15 20 23 31 68
25 1173.1 173.9 1 21 26 27 28 33 36 58
26 1151.2 206.3 25 27 28 29 34 42
27 1110.2 226.4 15 26 28 29 30 35 51
28 1061.1 228.6 8 27 29 30 31 36
29 1017.1 212.5 25 28 30 31 32 47
30 989.9 182.3 26 29 31 32 33 54
31 986.9 146.1 5 24 27 30 32 33 34
32 1008.8 113.7 28 31 33 34 35 44
33 1049.8 93.6 29 32 34 35 36 57 61
34 1098.9 91.4 25 30 33 35 36 53
35 1142.9 107.5 16 25 26 31 34 36
36 1170.1 137.7 25 26 27 32 35 67 72
37 323.1 573.9 3 22 38 39 40 45 48
38 301.2 606.3 14 37 39 40 41 46 57
39 260.2 626.4 38 40 41 42 47 69
40 211.1 628.6 39 41 42 43 48 64
41 167.1 612.5 17 37 40 42 43 44
42 139.9 582.3 26 38 41 43 44 45
43 136.9 546.1 10 39 42 44 45 46 71
44 158.8 513.7 32 40 43 45 46 47 66
45 199.8 493.6 41 44 46 47 48 49
46 248.9 491.4 37 42 45 47 48 59
47 292.9 507.5 29 37 38 43 46 48
48 320.1 537.7 37 38 39 44 47 56
49 733.1 573.9 1 16 45 50 51 52 57 60
50 711.2 606.3 18 49 51 52 53 58
51 670.2 626.4 7 27 50 52 53 54 59
52 621.1 628.6 51 53 54 55 60 62
53 577.1 612.5 34 49 52 54 55 56
54 549.9 582.3 30 50 53 55 56 57
55 546.9 546.1 5 22 51 54 56 57 58
56 568.8 513.7 34 48 52 55 57 58 59
57 609.8 493.6 33 38 53 56 58 59 60
58 658.9 491.4 19 49 54 57 59 60 72
59 702.9 507.5 46 49 50 55 58 60
60 730.1 537.7 49 50 51 56 59 70 72
61 1143.1 553.9 33 46 62 63 64 69 72
62 1121.2 586.3 14 52 61 63 64 65 70
63 1080.2 606.4 9 62 64 65 66 71
64 1031.1 608.6 40 63 65 66 67 72
65 987.1 592.5 11 61 64 66 67 68
66 959.9 562.3 44 62 65 67 68 69
67 956.9 526.1 36 63 66 68 69 70
68 978.8 493.7 24 64 67 69 70 71
69 1019.8 473.6 8 39 65 68 70 71 72
70 1068.9 471.4 60 61 66 69 71 72
71 1112.9 487.5 23 61 62 67 70 72
72 1140.1 517.7 12 36 58 60 61 62 63 68 71
